27.15
27.37
27.43
27.65
27.85
27.37
26.87
27.02
27.14
27.11
27.51
27.89
27.87
28.25
28.26
28.70
28.55
28.43
28.21
28.23
27.77
27.63
27.96
27.86
27.99
27.59
27.85
27.98
28.33
28.46
28.09
28.31
28.24
27.87
27.93
28.10
28.54
28.30
28.06
28.38
28.10
28.19
28.29
28.28
28.18
28.18
28.03
28.43
28.19
27.96
27.91
28.06
28.01
27.65
27.64
27.91
28.07
27.82
27.78
27.83
27.84
28.18
28.13
28.09
28.00
28.01
28.02
27.89
27.55
28.12
28.26
28.04
28.00
27.48
27.75
27.77
27.94
28.21
28.11
28.00
28.04
28.08
27.92
27.97
28.45
27.58
27.98
27.95
28.57
28.31
28.28
28.27
27.67
28.07
28.12
28.14
27.94
28.16
27.88
28.22
27.96
27.70
28.07
28.04
28.09
27.95
28.17
28.25
28.20
27.80
28.29
27.87
28.00
28.26
28.12
27.87
28.07
27.84
27.92
27.85
28.09
27.64
27.99
28.25
28.02
27.88
27.78
28.10
28.11
27.98
28.15
27.88
27.89
28.04
27.90
28.05
27.96
27.83
28.06
27.94
28.07
28.17
27.78
28.12
28.03
28.07
27.90
28.14
28.08
27.75
28.22
28.05
27.93
28.03
28.18
27.77
28.04
28.02
28.14
28.05
27.98
28.05
28.05
27.91
27.97
27.96
28.07
28.33
27.95
28.14
27.68
28.04
28.02
27.96
28.25
27.86
27.98
28.21
27.85
28.06
28.02
28.14
27.85
28.18
28.06
27.73
28.06
27.86
27.89
28.05
27.89
28.29
27.86
28.12
28.08
28.14
27.91
28.18
28.03
27.86
27.88
27.93
27.89
28.03
27.89
28.33
27.83
27.99
28.10
28.12
28.00
28.21
27.84
28.24
27.95
28.20
28.03
28.13
28.11
27.98
28.06
27.91
28.22
27.91
28.15
28.08
28.07
28.04
27.83
28.04
27.94
28.09
27.99
28.07
28.14
27.92
28.14
28.01
28.15
28.10
27.84
28.02
28.15
28.04
28.12
27.81
28.21
27.92
28.10
28.04
27.92
28.13
27.96
27.98
27.87
28.17
28.14
28.16
28.19
28.06
28.07
27.92
28.16
27.85
28.07
28.02
28.01
28.17
27.85
28.07
27.89
28.07
27.96
27.94
27.97
27.92
27.93
27.94
28.14
28.01
27.99
28.04
27.93
28.19
27.83
27.94
27.81
28.02
27.88
27.86
27.99
27.91
27.96
28.12
28.16
27.98
27.96
27.88
28.10
28.17
27.98
28.09
27.98
28.12
28.03
28.03
27.96
28.12
28.07
28.09
27.88
28.04
27.96
28.01
27.85
27.87
27.99
28.05
27.99
28.05
28.21
28.00
28.05
28.12
28.18
27.99
27.99
28.09
28.00
28.11
28.01
28.20
27.97
28.01
28.07
27.81
28.10
27.86
27.95
27.85
27.92
28.03
27.94
28.05
27.89
28.17
27.91
28.01
28.06
27.98
27.85
28.10
28.06
27.98
27.98
27.91
27.95
27.86
28.11
27.88
28.16
27.97
27.95
28.13
27.88
27.94
27.94
28.08
28.00
28.01
28.01
28.22
27.87
28.19
27.82
28.09
27.89
28.02
28.28
28.03
28.22
27.88
27.90
27.88
28.02
27.88
27.97
27.97
28.12
27.88
27.99
27.95
27.89
28.00
27.92
27.95
27.77
28.13
28.09
27.82
28.04
27.88
28.00
27.70
28.21
28.01
28.06
27.93
27.99
27.98
27.89
27.88
27.90
27.95
27.89
27.90
28.14
27.99
27.93
28.00
28.01
28.07
27.87
27.92
27.95
27.93
28.00
27.97
27.88
27.99
28.01
28.02
27.85
28.21
28.07
28.12
27.91
28.06
27.86
28.07
28.16
28.03
28.11
28.05
27.98
28.23
28.01
28.10
27.91
28.06
28.07
27.92
28.09
27.91
27.97
28.06
27.86
27.90
28.30
27.89
28.27
27.96
28.01
28.01
27.96
28.02
28.11
28.06
28.06
27.89
28.03
27.92
28.03
27.89
28.01
27.89
28.17
28.05
27.85
28.10
28.05
28.01
28.08
27.88
28.11
28.16
27.93
28.02
27.94
27.96
27.99
27.99
28.09
28.00
27.92
28.00
27.98
28.01
28.01
27.80
28.09
