180.00
-59.94
-59.97
-60.02
-59.00
-60.04
-60.03
-60.03
-60.81
-60.30
-60.09
-60.09
-62.48
-59.03
-60.52
-59.65
-60.40
-60.07
-62.33
-56.69
-61.26
-61.71
-61.22
-60.33
-53.65
-61.58
-60.04
-60.19
-54.77
-56.04
-61.59
-63.43
-57.73
-55.00
-62.76
-57.67
-57.88
-60.87
-59.46
-59.38
-62.58
-58.53
-57.42
-66.75
-58.33
-61.60
-57.90
-61.46
-59.65
-61.78
-57.85
-64.30
-61.21
-65.14
-58.82
-62.35
-61.27
-59.69
-62.08
-61.58
-55.64
-62.07
-57.85
-64.39
-54.69
-61.46
-59.61
-57.45
-59.77
-62.12
-59.23
-59.76
-62.80
-59.38
-59.75
-61.92
-55.96
-59.48
-60.80
-58.26
-61.71
-60.65
-58.44
-59.76
-57.19
-59.81
-59.83
-66.51
-60.68
-57.42
-61.17
-59.41
-56.21
-61.07
-60.44
-61.09
-58.73
-61.18
-62.11
-60.18
-61.78
-54.95
-58.59
-60.17
-56.50
-57.07
-56.15
-59.84
-62.40
-62.39
-62.56
-60.73
-58.31
-58.05
-58.10
-58.89
-59.84
-62.13
-60.10
-61.45
-57.99
-60.28
-60.04
-64.04
-60.51
-61.39
-55.40
-62.30
-61.22
-58.29
-61.41
-59.01
-59.49
-61.69
-57.78
-58.64
-56.61
-59.90
-58.58
-57.71
-62.32
-60.03
-60.16
-56.15
-62.27
-61.18
-61.34
-55.44
-61.13
-60.51
-59.18
-63.00
-64.77
-55.84
-59.49
-60.86
-59.93
-62.27
-63.38
-65.95
-58.00
-59.61
-59.06
-60.95
-57.98
-60.94
-59.31
-62.17
-59.16
-61.05
-63.26
-62.94
-59.66
-63.26
-60.82
-60.94
-55.64
-57.91
-60.92
-55.00
-56.72
-62.44
-62.65
-60.96
-60.87
-61.20
-61.60
-59.54
-61.04
-53.88
-59.67
-62.41
-60.70
-62.42
-58.74
-60.79
-59.75
-63.43
-60.16
-60.88
-60.32
-59.21
-60.62
-60.96
-57.93
-58.49
-61.73
-62.68
-62.22
-56.79
-54.21
-54.63
-59.81
-58.66
-56.97
-55.48
-60.56
-57.78
-61.18
-57.16
-58.58
-59.63
-60.66
-65.06
-57.57
-57.79
-60.35
-61.01
-63.28
-59.24
-60.14
-60.42
-62.16
-60.27
-59.64
-59.01
-58.80
-61.42
-62.71
-61.93
-60.02
-62.19
-59.75
-59.97
-60.16
-63.61
-60.20
-59.09
-63.43
-60.94
-59.42
-59.03
-58.84
-62.09
-60.00
-59.20
-60.58
-63.39
-58.06
-61.56
-57.13
-58.22
-56.42
-60.11
-58.79
-58.47
-61.94
-57.07
-55.85
-62.71
-61.33
-60.03
-57.66
-59.84
-63.42
-56.92
-61.38
-58.72
-61.73
-61.02
-58.46
-61.24
-60.08
-63.28
-60.71
-59.90
-61.89
-60.44
-60.84
-60.70
-63.10
-58.74
-59.87
-63.55
-58.95
-61.28
-60.30
-62.51
-61.59
-59.44
-56.32
-60.22
-63.80
-60.33
-62.69
-59.91
-58.54
-55.23
-61.83
-62.95
-58.68
-61.75
-58.65
-58.78
-58.74
-60.86
-59.28
-60.58
-63.79
-60.25
-59.57
-59.71
-61.91
-58.06
-58.23
-61.31
-61.09
-59.95
-62.97
-60.64
-64.11
-61.40
-59.09
-61.18
-57.04
-63.45
-59.48
-59.71
-59.26
-58.47
-55.91
-58.31
-58.21
-58.86
-57.17
-60.91
-60.51
-60.68
-60.05
-60.77
-52.65
-58.10
-62.50
-58.16
-62.78
-61.07
-55.91
-61.31
-60.18
-59.39
-58.48
-57.07
-59.29
-58.72
-56.33
-54.85
-62.61
-59.84
-60.31
-60.26
-59.37
-59.21
-59.72
-58.89
-57.89
-57.64
-58.71
-59.31
-57.78
-58.66
-61.48
-59.25
-60.85
-58.65
-65.03
-62.92
-58.10
-60.56
-62.85
-60.24
-55.55
-63.53
-57.79
-56.17
-61.91
-59.49
-62.44
-62.91
-62.46
-55.05
-59.20
-63.31
-58.28
-60.86
-59.85
-57.09
-61.49
-63.76
-64.88
-59.79
-63.02
-60.56
-61.00
-64.37
-61.06
-58.86
-61.36
-57.86
-60.69
-59.49
-64.29
-61.95
-63.16
-62.53
-57.55
-57.20
-57.84
-64.95
-57.54
-67.05
-57.13
-59.53
-57.65
-59.13
-59.96
-60.84
-58.08
-59.63
-59.32
-58.54
-62.41
-60.24
-58.49
-56.19
-57.34
-60.32
-58.18
-63.22
-62.36
-63.84
-58.47
-57.02
-59.67
-57.82
-62.39
-60.90
-61.63
-62.73
-61.36
-60.81
-56.92
-57.33
-59.56
-56.68
-60.39
-61.45
-58.90
-58.12
-66.69
-60.98
-59.02
-59.76
-56.96
-58.00
-55.20
-59.88
-58.96
-60.10
-59.47
-59.67
-61.10
-57.59
-62.69
-56.93
-62.05
-56.66
-62.42
-57.60
-61.28
-55.36
-58.70
-60.78
-56.39
-60.18
-58.12
-62.98
-62.04
-55.92
-60.24
-58.23
-57.48
-60.70
-58.81
-63.40
-56.09
-59.10
-59.11
-59.39
-63.33
-59.86
-58.72
-58.69
-60.01
-63.22
-56.13
-61.82
-61.56
-61.61
-61.96
-57.88
-62.31
-60.00
-59.23
-60.64
-60.65
-60.90
-57.77
-63.19
-60.05
-55.56
-62.78
-63.03
-59.77
-60.19
-57.95
-57.60
-59.05
-61.48
-62.74
-57.97
-56.93
-54.58
-56.33
-65.48
-58.12
-60.31
-59.42
-58.38
-58.97
-58.16
-59.06
-58.32
-63.25
-54.50
-57.01
-56.80
-58.88
-61.90
-62.59
-56.15
-59.32
-59.22
-54.39
-62.06
-58.78
-57.39
-58.11
-57.64
-63.72
-61.92
-61.40
-61.82
-61.31
-59.28
-59.19
-60.48
-59.70
-65.25
-58.51
-64.14
-56.81
-55.49
-60.58
-56.98
-57.51
-57.40
-58.35
-56.35
-60.47
-54.94
-61.28
-60.26
-58.05
-53.91
-61.04
-57.26
-60.15
-59.86
-59.82
-61.54
-58.92
-60.67
-60.89
-63.11
-62.29
-62.43
-59.46
-59.83
-59.36
-61.76
-63.44
-61.01
-60.49
-55.11
-59.91
-60.52
-57.40
-60.73
-60.80
-59.16
-61.16
-58.02
-57.12
-62.09
-58.30
-54.93
-57.20
-62.20
-60.87
-62.35
-56.74
-58.70
-57.31
-59.66
-64.72
-59.97
-57.33
-59.08
-62.53
-57.92
-62.65
-61.35
-59.15
-59.78
-61.15
-58.49
-59.68
-59.96
-60.20
-61.24
-58.20
-59.91
-56.29
-57.69
-61.74
-55.95
-56.68
-61.28
-61.05
-59.23
-61.67
-57.57
-64.05
-55.83
-62.85
-59.56
-57.77
-61.78
-59.74
-58.12
-59.21
-60.43
-57.84
-64.08
-62.23
-58.40
-58.17
-56.12
-59.27
-60.06
-55.32
-63.05
-60.13
-60.89
-60.56
-58.48
-66.52
-59.81
-60.78
-62.79
-63.42
-56.16
-60.09
-61.67
-62.67
-58.99
-60.67
-60.34
-63.09
-62.04
-57.69
-60.37
-58.13
-56.29
-59.10
-59.89
-54.99
-62.92
-58.84
-62.72
-59.22
-59.12
-63.47
-56.61
-61.92
-59.99
-60.23
-59.78
-56.93
-58.70
-63.24
-57.00
-56.73
-59.87
-59.53
-63.03
-62.31
-60.89
-62.96
-57.57
-60.59
-60.15
-62.69
-60.46
-60.44
-61.27
-60.45
-59.68
-64.79
-59.42
-59.03
-57.69
-58.23
-59.32
-58.92
-57.46
-56.97
-59.07
-59.69
-63.13
-55.23
-57.72
-61.87
-60.52
-58.05
-59.42
-60.04
-59.71
-61.42
-57.18
-60.14
-57.93
-58.33
-58.12
-58.16
-65.48
-61.61
-60.56
-55.61
-62.03
-54.34
-59.95
-61.80
-63.25
-60.82
-58.68
-60.00
-58.55
-59.95
-60.86
-58.15
-57.31
-65.58
-59.87
-59.11
-62.22
-61.95
-57.65
-60.73
-57.92
-58.60
-62.31
-63.42
-59.74
-58.64
-59.66
-59.44
-62.13
-64.02
-64.68
-60.85
-63.03
-59.46
-55.40
-58.98
-56.67
-63.13
-56.35
-60.53
-60.55
-57.09
-62.62
-57.87
-61.05
-61.74
-59.55
-62.59
-60.20
-58.47
-57.81
-59.44
-59.07
-58.27
-57.51
-58.93
-58.58
-61.82
-60.09
-61.90
-55.85
-59.93
-59.55
-60.44
-59.58
-62.70
-63.13
-62.82
-57.06
-64.99
-60.84
-60.04
-61.24
-60.26
-63.50
-60.46
-62.86
-58.44
-66.49
-59.39
-62.94
-59.24
-58.77
-59.24
-58.57
-60.35
-55.01
-58.52
-58.63
-61.22
-62.09
-54.20
-58.56
-61.30
-56.67
-62.63
-67.01
-61.17
-62.07
-58.81
-56.45
-59.40
-63.35
-59.21
-59.26
-59.90
-57.88
-58.82
-62.54
-58.94
-60.01
-61.07
-61.51
-61.14
-64.45
-57.85
-59.39
-62.03
-57.21
-60.01
-62.37
-58.78
-65.80
-59.77
-59.71
-60.79
-58.77
-63.15
-57.26
-58.68
-60.11
-57.09
-59.32
-59.78
-58.95
-57.75
-61.22
-61.86
-56.28
-60.99
-63.17
-58.68
-59.05
-58.55
-60.80
-62.00
-60.31
-57.17
-59.56
-61.13
-56.44
-60.36
-59.57
-58.19
-57.66
-65.67
-56.54
-56.61
-58.88
-58.06
-58.52
-56.52
-59.92
-56.90
-59.85
-58.90
-57.64
-57.74
-62.08
-58.99
-57.16
-61.91
-61.43
-60.11
-58.39
-61.05
-55.35
-64.28
-61.15
-61.17
-57.00
-61.54
-60.39
-63.43
-56.78
-60.66
-59.05
-61.04
-63.89
-60.74
-63.51
-58.76
-62.63
-63.15
-59.02
-62.24
-62.26
-58.60
-58.35
-60.12
-60.25
-57.73
-61.89
-58.68
-61.83
-56.55
-57.87
-59.46
-61.54
-62.12
-60.39
-59.60
-60.84
-58.66
-58.11
-60.47
-61.12
-64.25
-60.53
-57.81
-64.71
-59.26
-57.01
-64.57
-58.15
-58.91
-60.09
-62.31
-58.96
-61.87
-57.41
-63.46
-60.24
-62.99
-61.89
-63.79
-59.96
-63.10
-59.73
-58.16
-62.02
-62.95
-59.58
