0 0.0
10 0.0
20 0.0
30 0.0
40 0.0
50 0.0
60 0.0
70 0.0333333333333
80 0.016
90 0.042
100 0.01
110 0.0484185185185
120 0.0585851851852
130 0.0142102880658
140 0.0216769547325
150 0.0206296296296
160 0.0227366255144
170 0.0
180 0.064949382716
190 0.0261925925926
200 0.0
210 0.0
220 0.0
230 0.00524691358025
240 0.0
250 0.0
260 0.00605895061728
270 0.0
280 0.00556333333333
290 0.0
300 0.00200452674897
310 0.00200452674897
320 0.0
330 0.0
340 0.0
350 0.00131201646091
360 0.0
370 0.0
380 0.000234869684499
390 0.000252971193416
400 0.000327380379007
410 0.0
420 0.0
430 0.0
440 0.0
450 0.000115897640942
460 0.0
470 3.73478699893e-05
480 0.0
490 0.000110915182941
500 3.69838915703e-05
510 6.37454328185e-05
520 7.20150282816e-06
530 2.26282324934e-05
540 4.06425607885e-05
550 6.08348892916e-06
560 6.08348892916e-06
570 2.21304851903e-05
580 0.0
590 9.0018785352e-06
600 1.63810445299e-05
610 0.0
620 2.75124248976e-06
630 4.16336882253e-06
640 4.00083490453e-07
650 1.71610843819e-06
660 1.03171593366e-06
670 0.0
680 6.0012523568e-07
690 0.0
700 2.00041745227e-07
710 1.40257096186e-06
720 1.28870244022e-06
730 2.76631064878e-07
740 1.91058506233e-07
750 7.84293302784e-08
760 0.0
770 1.99019277326e-08
780 1.91058506233e-08
790 5.41332434328e-08
800 5.60735381216e-08
810 2.54744674978e-08
820 2.30363380854e-09
830 0.0
840 6.04703874741e-09
850 4.22332864899e-09
860 8.19069798592e-09
870 8.19069798592e-09
880 0.0
890 0.0
900 3.31991940961e-09
910 0.0
920 1.13759694249e-09
930 1.89599490415e-09
940 9.10077553991e-10
950 0.0
960 5.63796648e-09
970 2.13886614758e-08
980 1.50677612792e-08
990 2.09274462211e-09
1000 0.0
1010 1.19068927802e-08
1020 0.0
1030 7.22027957641e-09
1040 6.16504968571e-09
1050 3.49984469266e-09
1060 0.0
1070 3.35042398715e-09
1080 1.74992234633e-09
1090 3.1045975624e-09
1100 0.0
1110 6.55147513411e-10
1120 1.65035197319e-09
1130 0.0
1140 1.39516308141e-09
1150 5.87298356411e-09
1160 0.0
1170 0.0
1180 0.0
1190 9.72057604552e-10
1200 1.61480989277e-09
1210 1.0940477309e-09
1220 0.0
1230 5.83234562731e-10
1240 1.28282568285e-09
1250 0.0
1260 4.65348782864e-10
1270 1.71671231761e-09
1280 5.11652966126e-10
1290 0.0
1300 7.35610085172e-10
1310 7.53350771128e-10
1320 5.16483464345e-10
1330 1.3613794685e-10
1340 6.93606049433e-11
1350 8.71225792362e-11
1360 9.63177422108e-11
1370 0.0
1380 0.0
1390 2.08133968716e-11
1400 2.10915314547e-11
1410 0.0
1420 2.77442419773e-12
1430 3.51525524245e-12
1440 0.0
1450 0.0
1460 0.0
1470 2.60389277218e-13
1480 1.50374807594e-12
1490 0.0
1500 9.91466486821e-13
1510 0.0
1520 7.46308583388e-13
1530 1.98293297364e-13
1540 3.96586594728e-13
1550 0.0
1560 0.0
1570 1.9736114093e-13
1580 1.04155710887e-13
1590 3.17269275783e-14
1600 0.0
1610 0.0
1620 1.58634637891e-14
1630 4.15286941855e-14
1640 2.13562508014e-14
1650 0.0
1660 6.67659442949e-15
1670 1.79466235388e-14
1680 5.56382869124e-16
1690 2.67063777179e-15
1700 5.50819040433e-15
1710 0.0
1720 0.0
1730 0.0
1740 9.7349436918e-15
1750 3.18625305524e-15
1760 6.170143842e-15
1770 0.0
1780 3.22037787121e-15
1790 3.3568771351e-16
1800 1.71008380583e-15
1810 7.63208664968e-16
1820 5.03531570266e-16
1830 1.25122165909e-15
1840 0.0
1850 0.0
1860 1.18004417793e-16
1870 2.70806445209e-16
1880 0.0
1890 2.93726749322e-17
1900 1.39869880629e-17
1910 0.0
1920 1.04902410472e-17
1930 3.1330853261e-18
1940 0.0
1950 0.0
1960 0.0
1970 0.0
1980 0.0
1990 0.0
2000 0.0
2010 0.0
2020 0.0
2030 6.19911269928e-18
2040 3.50293215179e-18
2050 1.43656125203e-18
2060 2.15484187804e-18
2070 8.61936751218e-19
2080 4.30968375609e-18
2090 2.87312250406e-18
2100 0.0
2110 0.0
2120 8.32762717229e-19
2130 0.0
2140 8.47349734224e-19
2150 2.38380606047e-18
2160 0.0
2170 1.43862341407e-18
2180 7.10964335113e-19
2190 3.38364635433e-18
2200 1.09418618808e-18
2210 7.20342788057e-19
2220 0.0
2230 2.67318047292e-19
2240 9.25291908032e-20
2250 5.82477331414e-20
2260 5.93763462569e-20
2270 1.71457862373e-20
2280 0.0
2290 1.00017086384e-20
2300 1.84719319876e-20
2310 2.08190679307e-20
2320 0.0
2330 0.0
2340 0.0
2350 0.0
2360 1.2700582398e-21
2370 0.0
2380 2.37675027618e-20
2390 0.0
2400 2.70945757824e-21
2410 5.0802329592e-22
2420 1.01604659184e-21
2430 0.0
2440 3.8101747194e-22
2450 4.49092593593e-22
2460 2.58888671601e-22
2470 0.0
2480 4.87702364083e-24
2490 3.25134909389e-24
2500 0.0
2510 0.0
2520 0.0
2530 0.0
2540 0.0
2550 0.0
2560 0.0
2570 0.0
2580 0.0
2590 0.0
2600 0.0
2610 0.0
2620 0.0
2630 0.0
2640 0.0
2650 0.0
2660 8.54240888953e-23
2670 3.66103238123e-23
2680 0.0
2690 0.0
2700 0.0
2710 2.71187583795e-24
2720 1.35593791897e-23
2730 0.0
2740 0.0
2750 0.0
2760 4.75870303325e-22
2770 0.0
2780 9.25080928269e-23
2790 7.93117172208e-23
2800 4.55385308567e-23
2810 7.58975514278e-23
2820 1.95229497838e-23
2830 0.0
2840 0.0
2850 0.0
2860 0.0
2870 7.62783332455e-24
2880 4.87572081863e-24
2890 2.52991838093e-25
2900 5.63505936547e-25
2910 2.39197106356e-24
2920 8.47537036062e-25
2930 0.0
2940 9.76787003801e-25
2950 1.75949146833e-24
2960 3.29705721037e-25
2970 1.14648720052e-24
2980 0.0
2990 9.27304488365e-25
3000 3.27084536237e-25
3010 2.92718546259e-25
3020 0.0
3030 2.88011043768e-25
3040 1.15323445782e-25
3050 0.0
3060 7.20771536139e-26
3070 2.56855494537e-25
3080 0.0
3090 1.92205742971e-26
3100 5.36190550324e-26
3110 2.10260869057e-26
3120 2.23621398728e-27
3130 2.81702856229e-27
3140 2.6089163185e-27
3150 2.27973614366e-27
3160 3.60569580276e-28
3170 1.85860664003e-28
3180 1.23907109335e-28
3190 0.0
3200 0.0
3210 0.0
3220 0.0
3230 0.0
3240 0.0
3250 0.0
3260 0.0
3270 0.0
3280 0.0
3290 0.0
3300 0.0
3310 0.0
3320 0.0
3330 0.0
3340 5.62767209755e-27
3350 3.16556555487e-26
3360 0.0
3370 9.37945349591e-27
3380 4.22075407316e-26
3390 1.51947146634e-26
3400 0.0
3410 0.0
3420 0.0
3430 8.52592322778e-27
3440 4.28775016956e-26
3450 1.0540160866e-26
3460 3.12667990392e-26
3470 5.65112073129e-27
3480 1.20015132187e-26
3490 2.97779038468e-27
3500 0.0
3510 0.0
3520 0.0
3530 2.81013816753e-27
3540 3.86255284409e-27
3550 0.0
3560 0.0
3570 1.81643166363e-28
3580 0.0
3590 1.21095444242e-28
3600 1.81643166363e-28
3610 9.68763553935e-29
3620 4.84381776967e-29
3630 0.0
3640 0.0
3650 0.0
3660 0.0
3670 0.0
3680 0.0
3690 0.0
3700 0.0
3710 0.0
3720 0.0
3730 0.0
3740 0.0
3750 0.0
3760 0.0
3770 0.0
3780 0.0
3790 0.0
3800 0.0
3810 0.0
3820 4.55503030548e-29
3830 2.65019945046e-29
3840 2.48456198481e-29
3850 2.31892451915e-29
3860 0.0
3870 7.08100165669e-29
3880 2.98147438177e-29
3890 0.0
3900 2.18434407831e-29
3910 0.0
3920 0.0
3930 2.24128195713e-29
3940 1.08337254879e-29
3950 2.35515771476e-30
3960 0.0
3970 2.61025628851e-30
3980 1.01859265803e-29
3990 9.78846108193e-30
4000 6.65615353571e-30
4010 0.0
4020 0.0
4030 6.52564072129e-32
4040 0.0
4050 2.41690397085e-33
4060 0.0
4070 5.43803393441e-33
4080 3.62535595627e-33
4090 1.5549916749e-31
4100 0.0
4110 0.0
4120 3.73198001975e-32
4130 1.86599000988e-31
4140 0.0
4150 0.0
4160 0.0
4170 0.0
4180 0.0
4190 0.0
4200 0.0
4210 0.0
4220 5.36903226691e-33
4230 1.81854318718e-33
4240 0.0
4250 1.26156430799e-30
4260 0.0
4270 7.62853256392e-31
4280 1.7074957366e-30
4290 4.51067834481e-31
4300 0.0
4310 1.63390985581e-31
4320 3.92232899549e-32
4330 0.0
4340 0.0
4350 0.0
4360 5.44636618603e-32
4370 0.0
4380 0.0
4390 0.0
4400 2.24767300337e-31
4410 0.0
4420 3.67513984393e-32
4430 3.84346095708e-32
4440 5.15590277746e-32
4450 1.75340936539e-32
4460 5.05561212085e-33
4470 3.06261653661e-33
4480 0.0
4490 0.0
4500 6.06673454502e-33
4510 1.0862504768e-32
4520 0.0
4530 7.25997034215e-33
4540 2.95664505015e-33
4550 0.0
4560 1.46592540207e-33
4570 1.49130451916e-33
4580 0.0
4590 1.82626645984e-33
4600 4.47630051274e-34
4610 5.05561212085e-34
4620 5.16646464832e-34
4630 0.0
4640 3.0044743667e-34
4650 0.0
4660 6.1135802675e-35
4670 0.0
4680 3.26057614267e-35
4690 0.0
4700 0.0
4710 0.0
4720 0.0
4730 0.0
4740 0.0
4750 0.0
4760 5.99917101869e-35
4770 5.53769632495e-35
4780 1.23837071132e-35
4790 9.22949387491e-36
4800 2.89353027234e-35
4810 9.59272795127e-36
4820 0.0
4830 1.1801333499e-35
4840 1.1801333499e-35
4850 2.39722603925e-36
4860 0.0
4870 0.0
4880 0.0
4890 0.0
4900 8.19537048541e-37
4910 2.37665744077e-36
4920 1.39321298252e-36
4930 0.0
4940 7.51242294496e-37
4950 1.56394986763e-36
4960 0.0
4970 9.10596720601e-38
4980 0.0
4990 1.26368059901e-37
5000 3.81815344128e-35
5010 0.0
5020 1.70736885113e-37
5030 0.0
5040 2.84337763797e-36
5050 0.0
5060 0.0
5070 0.0
5080 1.36482126622e-37
5090 4.04391486288e-38
5100 3.3699290524e-38
5110 0.0
5120 5.0548935786e-39
5130 1.01097871572e-38
5140 1.6849645262e-39
5150 2.10620565775e-39
5160 2.80827421034e-39
5170 6.73985810481e-40
5180 2.69594324192e-39
5190 5.42933013998e-40
5200 2.10620565775e-39
5210 1.6892379277e-37
5220 0.0
5230 5.2841340382e-37
5240 0.0
5250 2.26991346535e-36
5260 8.68080601734e-37
5270 0.0
5280 1.51523078005e-36
5290 5.77740412999e-37
5300 2.81539654616e-37
5310 3.87440461268e-37
5320 3.75386206155e-37
5330 0.0
5340 4.16502290964e-37
5350 0.0
5360 8.44618963849e-38
5370 8.10903721259e-38
5380 1.15353052933e-37
5390 1.05577370481e-38
5400 8.44618963849e-39
5410 1.13397916443e-38
5420 0.0
5430 1.95513649039e-39
5440 0.0
5450 0.0
5460 7.95113540013e-39
5470 7.95113540013e-39
5480 0.0
5490 0.0
5500 5.05222089469e-39
5510 2.00153535665e-39
5520 2.54802695835e-39
5530 0.0
5540 6.79473855561e-39
5550 7.95373039562e-39
5560 1.82399857646e-39
5570 5.18370982291e-39
5580 4.26634793941e-39
5590 2.83478636845e-39
5600 0.0
5610 3.51369045912e-39
5620 2.30629228167e-39
5630 0.0
5640 1.2518029537e-40
5650 5.71854951536e-40
5660 2.81405370888e-40
5670 3.23016701525e-40
5680 7.35066755914e-41
5690 3.86857022216e-41
5700 1.54742808886e-41
5710 5.29876055258e-40
5720 0.0
5730 0.0
5740 5.73694618668e-41
5750 7.40517671036e-41
5760 7.15434114787e-41
5770 2.12402692645e-40
5780 0.0
5790 0.0
5800 0.0
5810 3.15532040267e-42
5820 2.366490302e-41
5830 1.57766020134e-42
5840 4.57573820422e-41
5850 0.0
5860 2.74544292253e-41
5870 7.46245513787e-41
5880 9.25163015883e-42
5890 1.77915964593e-42
5900 2.27842152168e-41
5910 1.6520456356e-41
5920 0.0
5930 8.18613018879e-42
5940 1.04168393799e-41
5950 1.1296477741e-41
5960 3.84169471411e-42
5970 6.27702401493e-42
5980 3.58880053213e-41
5990 2.66220690336e-41
6000 1.45794390102e-41
6010 0.0
6020 1.69194813525e-41
6030 4.23908697506e-42
6040 0.0
6050 2.8069806275e-42
6060 6.19029945481e-42
6070 0.0
6080 0.0
6090 1.25540480299e-42
6100 5.68354694591e-42
6110 1.31339974083e-42
6120 6.89145555067e-43
6130 1.11591538043e-42
6140 1.75945099805e-42
6150 7.83912185846e-43
6160 0.0
6170 4.31399832604e-42
6180 9.16181176273e-43
6190 0.0
6200 1.43348483559e-42
6210 1.73466828871e-42
6220 7.81978221353e-44
6230 1.45710265988e-42
6240 5.79954409517e-43
6250 1.65077591418e-43
6260 0.0
6270 9.77472776692e-44
6280 3.66472470509e-44
6290 7.32944941018e-44
6300 4.34432345196e-44
6310 2.80183320012e-44
6320 9.81926554673e-44
6330 3.60171579156e-44
6340 3.60171579156e-44
6350 9.0042894789e-45
6360 0.0
6370 0.0
6380 0.0
6390 7.04106297868e-45
6400 3.60171579156e-45
6410 0.0
6420 0.0
6430 0.0
6440 4.97953474984e-45
6450 5.13856006306e-45
6460 0.0
6470 1.80234022153e-45
6480 9.09091301432e-45
6490 1.04754240451e-44
6500 0.0
6510 1.39672320601e-45
6520 2.00778960863e-45
6530 0.0
6540 0.0
6550 9.21483839706e-45
6560 6.58939921905e-45
6570 8.49669214e-45
6580 3.90149439786e-45
6590 5.85224159679e-45
6600 5.63887399657e-45
6610 0.0
6620 1.35820632046e-44
6630 1.04425912516e-44
6640 2.69751174197e-45
6650 1.62796448892e-44
6660 5.05954299822e-45
6670 0.0
6680 6.22258461931e-45
6690 1.65253141887e-45
6700 0.0
6710 0.0
6720 2.98839334891e-45
6730 1.93490562071e-45
6740 1.27929818492e-45
6750 1.11552498083e-45
6760 1.86693630714e-45
6770 0.0
6780 3.16980666586e-46
6790 2.55018639763e-46
6800 2.23069006331e-46
6810 1.80621367561e-46
6820 2.42589710364e-46
6830 9.01695348772e-47
6840 1.41161562214e-47
6850 0.0
6860 5.9924177875e-47
6870 8.81237909926e-48
6880 3.79095797894e-47
6890 1.47442945985e-46
6900 0.0
6910 0.0
6920 0.0
6930 5.36843586806e-47
6940 1.41413543423e-46
6950 2.8631657963e-47
6960 8.97124823486e-47
6970 3.01705575514e-47
6980 0.0
6990 2.35387505927e-47
7000 5.07710770775e-48
7010 1.56410274917e-47
7020 0.0
7030 8.54253973817e-48
7040 4.29531183305e-48
7050 8.23336157608e-48
7060 1.88041026213e-48
7070 0.0
7080 1.80403096988e-48
7090 0.0
7100 0.0
7110 0.0
7120 0.0
7130 8.67040390565e-48
7140 0.0
7150 0.0
7160 0.0
7170 0.0
7180 0.0
7190 0.0
7200 4.2422832919e-53
7210 8.2488841787e-53
7220 2.44279389069e-48
7230 2.06593010778e-48
7240 7.51516324647e-49
7250 0.0
7260 1.56353099225e-48
7270 0.0
7280 8.43295446765e-49
7290 3.61412334328e-49
7300 5.95499267904e-49
7310 0.0
7320 2.52880917044e-49
7330 3.11514353328e-49
7340 1.9424748076e-50
7350 5.35898288416e-50
7360 1.7751591906e-49
7370 0.0
7380 0.0
7390 1.49042094743e-49
7400 9.02208567281e-50
7410 1.90848925967e-49
7420 0.0
7430 1.01069217691e-49
7440 5.30615567302e-50
7450 2.46068165355e-50
7460 5.05669632574e-50
7470 1.03308747225e-50
7480 7.38204496064e-51
7490 3.09627356135e-51
7500 6.19254712269e-52
7510 9.3506383217e-51
7520 0.0
7530 6.9206671506e-53
7540 0.0
7550 0.0
7560 2.35641317972e-52
7570 8.24744612904e-52
7580 1.17820658986e-52
7590 4.36918277074e-52
7600 1.72321018011e-51
7610 0.0
7620 0.0
7630 6.71579549114e-52
7640 3.99450304897e-52
7650 1.6597211488e-51
7660 9.61306695691e-52
7670 0.0
7680 0.0
7690 4.23082136077e-52
7700 3.82683529541e-52
7710 1.07345340513e-52
7720 1.09137084564e-52
7730 0.0
7740 0.0
7750 0.0
7760 0.0
7770 4.05627966907e-53
7780 4.15498163614e-53
7790 1.53350486447e-53
7800 1.08709163959e-53
7810 4.97821085074e-54
7820 0.0
7830 3.43823737767e-54
7840 3.01937148985e-54
7850 0.0
7860 0.0
7870 4.94599529283e-55
7880 6.41106821332e-55
7890 5.03228581641e-55
7900 8.19781160566e-56
7910 8.47052319408e-55
7920 5.33898678931e-56
7930 8.41424317995e-56
7940 2.30644229298e-56
7950 0.0
7960 1.30097266238e-55
7970 0.0
7980 5.2428850271e-56
7990 2.51658481301e-55
8000 0.0
8010 0.0
8020 1.90885256072e-56
8030 1.17626447713e-56
8040 1.55344741544e-56
8050 3.60974829033e-56
8060 2.38219658331e-56
8070 0.0
8080 5.27413895839e-56
8090 2.06123196402e-56
8100 1.13272207376e-57
8110 4.04071927043e-57
8120 2.02035963522e-57
8130 2.51272364768e-58
8140 1.00508945907e-58
8150 0.0
8160 0.0
8170 1.10649756949e-56
8180 1.00937795701e-56
8190 0.0
8200 5.9013203706e-58
8210 0.0
8220 1.65974635423e-57
8230 8.7931743315e-57
8240 0.0
8250 2.05750394147e-57
8260 1.84867266397e-56
8270 2.17611188666e-57
8280 4.67199454899e-57
8290 9.07157748467e-57
8300 0.0
8310 0.0
8320 0.0
8330 0.0
8340 0.0
8350 2.72836382828e-58
8360 1.63701829697e-58
8370 0.0
8380 0.0
8390 2.97115088103e-58
8400 3.27403659393e-58
8410 0.0
8420 3.93060002053e-58
8430 5.12267393282e-58
8440 0.0
8450 2.09435678057e-58
8460 2.44488561507e-58
8470 0.0
8480 5.39419616491e-59
8490 0.0
8500 3.12617909301e-59
8510 9.60555332976e-59
8520 1.59062275744e-58
8530 3.5961307766e-59
8540 2.35011946675e-59
8550 5.75704603942e-60
8560 2.32646894126e-59
8570 7.67606138589e-60
8580 0.0
8590 7.19226155321e-60
8600 0.0
8610 1.00717466664e-59
8620 0.0
8630 0.0
8640 1.39242787316e-59
8650 1.50700587629e-59
8660 1.51190036463e-59
8670 0.0
8680 0.0
8690 0.0
8700 5.23347970173e-60
8710 4.62737555023e-60
8720 6.63888668337e-61
8730 0.0
8740 1.44733164589e-60
8750 1.92623364473e-60
8760 0.0
8770 5.58093376961e-61
8780 0.0
8790 6.93101192095e-61
8800 0.0
8810 1.02857272189e-60
8820 0.0
8830 2.61485758334e-61
8840 2.80883177246e-61
8850 0.0
8860 3.18644531451e-61
8870 4.18890477638e-61
8880 1.11269568213e-61
8890 0.0
8900 4.47428139542e-61
8910 2.49088929133e-61
8920 5.79688852841e-62
8930 1.27235185452e-61
