6.00
5.59
5.25
5.47
5.88
6.00
5.87
5.70
5.87
5.95
5.72
5.82
5.90
6.29
6.11
5.91
6.01
5.87
6.25
6.23
5.79
5.62
5.85
5.61
5.39
5.38
5.58
5.29
5.26
5.25
5.73
5.50
5.37
5.36
5.40
5.26
5.16
5.21
5.18
5.09
5.29
5.22
5.38
4.89
5.00
5.35
5.42
5.36
5.53
5.27
5.29
5.15
5.23
5.30
4.95
4.93
5.16
5.13
4.89
5.21
5.22
5.25
5.23
5.04
5.31
5.18
5.36
5.26
5.10
5.22
5.32
5.32
5.15
5.54
5.00
5.18
5.20
5.29
5.54
5.30
5.10
5.51
5.19
5.35
5.46
5.18
5.29
5.32
5.26
5.18
5.25
5.02
5.16
5.24
4.99
5.34
5.25
4.88
5.36
5.06
5.15
5.20
5.07
5.15
5.40
4.97
5.26
5.09
5.27
5.09
5.22
5.13
5.15
5.09
5.23
5.28
5.16
5.07
5.21
5.15
4.95
5.17
4.98
5.11
5.12
5.20
5.09
5.12
5.04
5.00
5.27
5.05
5.04
5.19
5.11
5.13
5.10
5.27
5.08
5.14
5.14
5.16
4.99
5.08
5.07
5.12
4.89
5.28
5.13
5.14
5.16
5.00
5.01
5.21
5.04
5.24
5.19
5.02
5.01
5.06
4.97
5.36
5.04
5.06
5.22
4.98
4.99
5.01
5.20
5.13
5.15
5.13
5.13
5.23
5.15
5.04
5.19
5.16
5.04
5.06
5.05
4.89
5.10
5.08
5.11
5.26
4.98
5.13
5.04
5.12
5.09
5.05
5.11
5.23
5.17
5.04
5.21
4.95
5.17
5.03
5.13
5.31
5.16
5.14
5.03
5.08
5.10
5.23
5.00
5.09
5.12
5.13
5.01
5.01
5.17
5.11
5.11
5.09
5.18
5.14
5.10
5.03
5.16
5.09
4.98
5.11
5.09
5.16
5.04
5.02
5.16
5.10
5.08
4.97
5.12
5.08
4.92
5.07
5.21
5.13
5.00
5.13
4.92
5.03
5.13
4.97
5.03
5.09
5.04
5.07
5.16
5.05
5.14
5.04
4.95
5.09
5.02
5.00
4.98
4.98
5.11
5.12
4.94
5.00
5.01
4.93
5.04
5.15
5.09
4.95
5.14
5.11
4.97
5.11
5.05
5.17
5.06
4.98
5.13
4.94
4.91
4.98
5.13
5.03
5.09
4.94
5.14
5.19
5.01
4.98
5.04
4.98
5.06
5.10
5.18
5.09
4.97
5.11
4.99
4.99
5.16
5.20
5.14
5.08
5.15
5.22
5.07
5.13
5.00
5.03
5.03
5.01
4.97
5.02
5.15
4.93
5.15
5.04
4.91
5.15
5.10
5.11
5.02
5.11
5.09
5.08
5.16
5.15
4.84
5.14
5.05
4.92
4.95
5.14
5.09
4.97
5.29
5.04
5.15
5.02
5.26
5.22
5.06
5.03
4.99
5.05
5.15
5.11
5.01
5.18
4.95
5.19
4.91
5.23
5.16
5.04
5.06
4.92
4.98
5.07
5.01
4.99
5.19
5.14
5.00
5.08
5.04
4.80
5.26
5.06
5.01
4.99
5.07
5.20
4.96
4.86
5.12
5.02
5.07
5.04
5.09
5.07
5.16
5.10
5.02
5.08
5.22
5.12
5.04
5.10
5.08
5.22
5.16
5.11
5.11
5.13
5.11
5.18
5.13
5.11
5.09
5.11
5.24
5.21
4.96
5.07
5.17
5.09
5.08
5.13
5.14
4.92
5.07
5.03
5.09
5.20
5.06
5.12
5.13
5.14
5.12
5.06
5.23
5.06
5.17
5.05
5.02
5.15
5.06
5.15
5.01
4.91
5.17
5.13
4.93
4.99
5.17
5.03
5.01
5.26
4.89
5.09
5.03
5.01
5.12
5.00
5.11
5.06
5.11
5.22
5.19
5.02
5.23
5.05
5.20
5.01
5.04
5.02
5.15
5.13
4.96
4.95
5.06
5.18
5.07
4.96
5.08
5.08
5.04
5.15
5.22
4.96
5.31
5.15
5.07
5.18
5.04
5.10
5.08
5.09
5.22
5.23
5.11
4.91
5.05
5.09
5.02
5.13
5.16
5.16
5.10
5.09
5.03
5.20
5.12
5.02
5.12
5.07
5.08
5.14
5.16
