6.00
5.47
5.68
5.88
5.89
5.43
5.52
5.51
5.46
5.43
5.26
5.49
5.42
5.63
5.51
5.65
5.29
5.33
5.39
5.32
5.01
5.17
5.29
5.21
5.00
5.77
5.42
5.13
5.43
5.72
5.07
5.32
5.23
5.33
5.31
5.32
5.50
5.47
5.30
5.18
5.38
5.14
5.43
5.41
5.68
5.36
5.35
5.26
5.17
5.36
5.29
5.34
5.54
5.41
5.04
5.17
5.37
5.32
5.26
5.34
5.17
5.24
5.31
5.25
5.07
4.84
5.25
5.35
5.28
5.10
5.01
5.29
5.39
4.97
5.30
5.05
5.37
5.35
5.08
5.15
5.19
5.24
5.41
5.14
5.25
5.24
5.39
5.42
5.19
5.38
5.31
5.25
5.29
5.09
5.36
5.17
5.15
5.29
5.29
5.17
5.29
5.30
5.13
5.22
5.10
5.22
5.17
5.25
5.28
5.01
5.18
5.13
5.32
5.18
5.09
5.19
5.09
5.13
5.11
5.07
5.00
5.22
5.34
5.12
5.09
5.09
5.14
5.04
5.10
5.04
5.17
5.13
5.19
5.17
5.16
5.11
5.02
5.11
4.98
5.26
4.99
5.06
5.11
4.95
4.93
5.01
4.97
5.08
5.17
4.97
5.10
5.18
5.12
4.96
5.20
5.04
5.13
4.79
5.22
4.96
5.10
4.91
5.17
5.06
5.08
5.13
5.12
5.30
5.00
5.22
5.04
5.19
4.99
5.17
5.15
5.21
5.05
4.97
4.95
4.91
5.02
5.02
5.18
4.94
5.19
5.02
5.01
5.15
5.09
5.17
5.07
4.97
5.22
5.13
5.01
5.01
5.07
5.21
5.03
5.12
5.23
4.91
5.21
5.10
4.98
5.25
5.15
5.03
5.22
5.11
5.11
5.07
5.13
5.15
5.21
5.16
4.89
5.17
5.15
5.06
5.02
5.04
5.11
4.87
5.18
5.00
4.98
5.10
5.11
5.12
5.08
4.90
5.06
4.97
4.96
4.98
5.19
4.91
4.96
5.19
5.09
4.96
5.15
5.12
5.11
5.05
5.17
4.98
5.13
5.00
5.11
5.04
5.14
4.96
5.23
4.95
5.21
4.94
5.05
4.82
5.11
5.01
5.03
5.14
4.93
4.95
5.10
5.01
5.03
4.90
4.86
5.15
5.08
4.94
4.91
5.21
4.99
4.92
5.03
5.15
5.01
5.14
5.06
4.92
5.22
4.92
5.08
5.10
5.09
5.07
4.95
5.06
5.01
5.11
5.12
5.01
5.01
4.91
5.13
5.04
4.93
5.07
5.03
5.01
5.00
5.07
5.15
5.20
5.10
5.20
5.09
5.17
5.12
5.08
5.11
4.99
5.03
5.13
5.02
5.25
5.02
5.05
5.02
5.07
5.10
4.91
5.00
5.08
5.11
4.99
4.95
5.06
4.92
5.06
4.97
4.82
5.10
5.06
5.13
4.92
5.03
4.94
5.00
4.97
5.07
5.04
5.09
5.06
4.91
4.95
5.03
5.00
5.14
4.99
5.07
5.02
4.98
5.05
5.04
5.19
4.90
5.04
5.12
5.03
5.05
5.24
5.20
4.96
4.98
5.07
5.16
5.10
5.04
5.12
5.17
5.28
5.09
5.15
5.18
5.05
5.16
5.14
5.13
5.07
5.27
5.10
5.12
5.14
4.97
5.11
5.07
5.10
5.09
5.03
5.09
5.03
5.17
5.21
4.98
5.06
5.16
5.09
5.07
5.05
5.11
5.08
5.05
5.10
4.97
5.17
5.14
5.06
5.07
5.21
4.95
5.11
5.06
5.06
5.21
4.98
5.18
5.17
5.17
5.10
5.03
5.06
5.12
5.17
5.01
5.19
4.96
5.30
5.00
5.23
4.99
5.07
5.02
5.01
5.09
5.12
5.01
5.06
5.08
5.07
5.13
5.17
5.12
5.09
5.03
5.12
5.18
5.22
5.01
5.11
5.14
5.05
5.04
5.07
5.07
5.17
5.01
5.16
5.16
5.14
5.16
5.16
4.94
5.04
5.14
5.00
5.03
5.16
5.10
5.16
4.94
5.15
5.24
4.99
5.10
5.10
4.99
4.91
5.14
5.09
5.07
5.14
5.09
5.04
5.09
5.13
5.27
5.14
5.07
5.12
5.04
5.08
5.08
5.19
5.01
5.15
5.09
