-152.29119747616159 -179.4666448915291
-144.260587857697 -168.93610329629502
-86.93255276577267 116.03812846458575
-79.09717696164695 -94.0971914677758
-89.59023211780828 -57.339400049832044
-73.80070602838215 -178.4202009224471
-138.35266627405807 162.11336473975769
-124.63601170747755 154.87193163967842
-82.03515614896897 -144.2319078816049
-83.75998583895986 -59.47788883051387
-88.88806079400851 -46.285725070408304
-91.08573895757354 -91.89137065976605
-106.70582820427879 -65.80935402955801
-71.91930764435779 -128.9617944548088
-92.12270544700056 -71.012783092281
-102.8547697725227 -144.28861909952437
-93.50533767187596 -105.88974228192586
-71.7244811837374 -34.562004292039525
-64.10844716991677 -72.00432115236971
-92.92846667240694 -64.48108792925983
-83.95998733524709 -47.284791109949566
-63.34391938691495 -80.57720687233876
-85.41326303201265 -57.95522535111453
-131.69197585005702 161.45563458370364
-81.20763748075107 -78.13083720405314
-68.05896624623848 -51.421895541274544
-89.3626322603944 -97.02051930355418
-85.79974110582934 -28.72971147398258
-85.23919085666095 -60.287924434988355
-92.14076876732761 -75.370759523554
-88.50487770651361 156.01705595892784
-92.37987697387278 74.41880683558887
-101.97020179005231 -93.08546494553761
-74.20634355412015 -165.09493483473884
-63.77020405767741 -58.166063001345826
-80.37666344951347 -48.56242753954538
-83.43428267198881 -58.98552622875428
-102.02155988474873 -97.10094254585643
-72.06963289058169 172.70195889223686
-86.30055400793398 143.58089138518406
-84.68419865088407 -150.01051467583744
-76.16316041768312 172.81953468941728
-101.07761078356381 -71.13034704184493
-75.3843687934733 -46.39670145845869
-93.12240110800302 -171.82143443353206
-78.72425349454424 140.45596331931122
-67.8713789935289 111.23021624858778
-131.81572906802506 172.99424726402486
-77.34042992978053 154.81013708482948
-96.18046952189432 177.94002451688547
-82.18579557989801 158.47673007450786
-118.78549637964996 162.5431671023411
-134.643163290148 -175.83018268316263
-133.78268722643895 -152.05037145723708
-78.1404848807418 165.15726173033912
-97.58779488745618 166.68984994437713
-86.1729680774313 -176.81673237038618
-157.5430489361263 -86.2625374574521
-72.73974579901902 -80.33098620801705
-87.5814815817173 -83.9409977798016
-106.68488860714744 133.8643223891548
-86.70456196912556 -127.4555551820622
-94.09477444692823 -85.61122718658372
-81.84494795636054 -123.01731387740139
-54.13340584030624 -75.84562203690999
-67.06963336142648 -22.889861934948556
-62.12912644439789 -70.89963988651841
-112.41931534346348 165.40429971691228
-118.7909307202586 -22.834836054053067
-99.75463789033358 -46.83434769412466
-86.5298521114466 -61.77479159460819
-72.74340206205615 -68.160720920586
-78.32085876111071 -79.73421672957438
-90.57339931104187 -108.38651049655381
-82.15197310494482 -102.3200051060069
-96.33514473459353 11.626585927525909
-118.02598208020457 -132.07278403089714
-61.64726158791842 148.42606293827637
-99.69897406089983 167.95981518130316
-105.1439680440569 154.34160684228436
-141.06690054160302 144.47930204879154
-92.98285775222632 -128.82775227787468
-96.35261829796217 -126.9387341860248
-105.87135768106307 -91.23229685500341
-78.88037525978363 -80.23200477159126
-69.5531634556877 -94.37389881875308
-111.31325514983857 -167.9143769852643
-90.41853971568197 -103.9382919595697
-129.79933742741736 -65.8871266354359
-45.638747725028914 -58.15280612937412
-121.26855579805155 -68.8081391551996
-111.51682958765244 -85.75460169831257
-84.20044609781591 -66.76168666933296
-92.95373631869077 -136.92920348154
-85.14845696155085 -106.19575807330054
-70.89469630614279 -131.56643592201215
-103.36141190591596 -130.76923621817681
-95.07155838724024 -112.50353834144384
-96.20977191905078 -64.31339404329484
-84.85029811302881 -86.23465135726957
-72.7913967742026 -61.93889164604759
-79.8724199902446 -68.15210514985695
-72.49249447454385 -87.18505208653576
-65.55495977462341 -84.88176592233314
-103.63691980912377 -98.14412728949786
-69.12255458261208 -47.4813820344621
-110.25215345585816 -131.15110868288278
-114.88992030974407 -178.51085115739727
-88.00964976438897 172.68979658216642
-85.08616939126844 150.71092049411962
-74.7853981812971 129.38147251777025
-116.34921445065731 -151.50287551982348
-113.4347542132628 168.64087243280864
-129.5281666473638 -142.37517203266103
-114.81016860598731 176.56042526354142
-66.30469173453949 -41.34259054379688
-119.60400911448589 -69.67182119138018
-114.00579167618449 -104.67858338081206
-75.38208979531984 -126.11339676702903
-111.6020747020469 -65.85948883001582
-116.11747590815297 -76.97438409423062
-92.07812182470751 -54.69482282306181
-108.94449157075343 -169.22135062239542
-107.70190711149954 -91.72428374764394
-72.4929870597475 -80.98172079636286
-98.34871257590547 -52.42523792074338
-93.65848676416739 -64.02996893887072
-80.0792384862538 -52.94352681544597
-97.22182168427449 -80.55679000173308
-91.4331390151892 33.777607289058295
-86.94970612039764 142.91388654233202
-106.10013158801188 160.98069691743876
-71.40072388499817 144.39193061756026
-81.91286492282511 170.5509247603634
-77.89428049185238 -85.20920210149623
-104.44461737250624 124.22292629487059
-76.97012266706896 -45.13943416817351
-70.38082526572865 -44.037559295880634
-124.88130663554875 -156.34581354293994
-86.80497543807037 174.3519925331868
-111.13682946868221 -161.46465905697613
-112.21525828527759 -112.26487337526231
-76.35517036282785 163.67586510263945
-94.85066517410748 -118.40397226485223
-77.23184000784785 -37.31274260644192
-71.28980809307222 -93.98758278173959
-96.16362549170603 -80.91937159675243
-70.27870696146258 -92.30411748841408
-106.05033297485964 -85.64043778392707
-71.15136194846822 -30.600135331760622
-80.58116186649984 -75.35162689208397
-123.46609405079029 -75.79571302447869
-106.96117593572254 -102.50303630944927
-91.99477555965565 -62.03472533744032
-96.60522516375431 -94.19360523825372
-112.27823198845533 -72.62823170837517
-101.41067138096471 -107.74421915079284
-115.49941840152862 -125.49411043916301
-108.01181233523853 -166.92409710546235
-115.27749249417882 152.2160827402371
-98.52647422065178 -145.0855350997196
-75.88671932433088 -167.15176780382902
-125.71034559491486 -59.50546705856053
-76.55049197068924 -48.917870290149665
-72.14166639579402 -78.36897617894802
-91.31976593506408 -59.67477374747143
-61.46095201770884 -95.92800076043372
-93.93905306840887 -89.5654103639504
-81.98928976615426 -86.99550060245873
-151.79036885324552 164.4238230459794
-87.67884868721531 -93.60933854204211
-102.5931791455551 -135.4316809943792
-77.26490302807204 -78.36305943331362
-137.443934511871 -173.01526338646954
-89.7181950934288 165.96827600781023
-89.51736289361138 -116.95260833221978
-80.93894849201465 -107.17726833882165
-77.14494237769084 -88.21015311534873
-85.59506052042128 -78.38991733005415
-94.27661904456454 -26.953635814452944
-111.74247080271863 -60.33150582406377
-69.72568886020694 -52.80731719412485
-112.95166045131926 -71.7994471461181
-100.55530291747164 -146.50149204486027
-92.70305527213446 -177.5110564088124
-139.8553284507188 179.9805173602974
-114.82474384688172 -176.9629069172546
-125.31737065366441 166.69740174446196
-80.83357236556593 -81.33414493259941
-92.52921597162457 -87.74845862921302
-90.62819321065928 -100.51175345943652
-85.865052996587 -45.38379754365869
-87.15585436089124 -26.664568064733565
-120.49883841532785 -50.24490926663865
-49.75832814500281 -53.51231127749331
-62.17418290995271 -35.972041214312725
-94.72263061836108 -88.53822615464526
-89.39768476172996 -162.9047046573369
-68.1106547594936 -84.95988600043347
-134.6261280877539 156.25895224937187
-74.55709778160617 120.44393612418567
-91.53359838145613 -122.08814611822119
-84.92171274685937 -120.71193456202964
-73.52043378275025 -95.86023227779658
-77.26212159337456 -92.47110588292988
-101.64221879716517 -114.68793036092943
-80.9335008422584 -86.1723423314338
-101.75443342905811 -105.48044053849694
-77.37118941265923 -46.43295638944837
-79.77470489799248 -57.25711929090777
-63.58514554212291 -54.21041778950279
-82.27454253601576 -44.18403275710581
-43.47209757803517 -67.62233048988459
-65.8185568884764 -71.11414358867874
-95.71673319224956 -112.73546618731743
-108.64835262020479 -61.4398675835751
-101.14496283989281 155.27216561040353
-104.03820778038673 110.02049509498464
-93.36305388309209 -172.27807866824375
-103.79466753390071 154.59039991237393
-71.13308968323621 174.50817828844083
-81.64803959138786 162.2855922499052
-95.55871592258637 -178.06471816142516
-100.53340624275467 -110.88002198717106
-97.52974669726348 -96.41302517521797
-89.36159711741757 -23.207449287359637
-86.0302989780236 -47.428432693733114
-71.67795514400323 -80.5120377941521
-82.26401078019798 -134.65289771425248
-93.93083635823821 123.60486258375924
-121.4948349469294 -173.4811651240801
-75.90579811290395 -104.37432140609901
-99.49013483294804 -29.1900277124463
-98.25251149328793 -33.08079421692916
-64.72930213850205 -71.57314587280679
-93.34811423506193 -32.75191001854202
-68.3184311891107 -63.99519596630988
-100.9612283227062 10.829496744539568
-51.18453037676257 -52.690465912831705
-114.1857180987371 -85.95850843320115
-93.75034827820129 -59.767232245000024
-83.42482521411713 -67.28700142199581
-72.74911374483027 95.3457308653636
-71.8605262148682 156.21157396166623
-87.1912085123375 170.0915340579272
-98.96411434431246 160.71566509676205
-96.00381799601078 164.0684825282629
-81.17758319758092 -163.4848557887466
-82.66311548581533 -86.43410460821232
-80.86717183133744 -47.63542963577795
-95.5373072021038 -23.011322726233594
-89.73266179718745 -42.43608298109566
-74.3727169560933 -92.39935946844875
-87.23765335889462 -86.45770893713323
-73.96801709281682 -56.18849359170828
-82.99694309430012 -101.56317449081246
-103.09682797655503 146.38215541658792
-92.87617055552806 -174.66146859326702
-81.31042818001058 145.63035723894467
-134.68784488248804 -169.0771153564406
-172.01834627945362 157.9817825527018
-96.43258425548868 -34.59273134544822
-78.67152440314717 -54.398269958081386
-76.88876903445795 -175.57633125127418
-110.2580308666077 124.64813586327169
-84.38451962801975 162.61749228034245
-111.312415794032 151.13138777774958
-84.7040855465864 165.80164792282312
-113.0252626798942 -153.429023171168
-101.209559462382 -162.3118591419348
-66.12535742177766 -59.24613555418693
-102.3868198131067 145.3875403201915
-89.62316510152954 -179.8580245540096
-86.81965978994434 57.848190102410385
-118.72073694926841 139.58366739709305
-99.74089865532929 147.26303319028176
-89.6927047134416 -101.03458293115428
-77.9124948409498 -94.29183408948501
-140.80470544289776 -82.22694135873469
-71.97141184369202 -69.49081724115379
-106.87707977485422 -97.91101689768573
-110.15092428565153 -60.56021320139941
-72.59403468088712 -52.85949989822673
-73.42709245136413 165.61950432475928
-67.43768999576271 101.05372848891884
-73.23233763932518 -129.48979903231015
-88.7530601410913 -82.94736203393992
-103.96926737030076 -81.14071787602661
-86.46098809281233 -82.83458402729583
-91.29689375698217 -120.49552403417886
-93.40407484687043 171.72656614930634
-49.39176451259211 -46.11519749646957
-81.98832743980711 -37.6919267767815
-116.79706034432324 -87.08604180372276
-108.38471954984728 -65.62364746987697
-116.74930596675173 -71.89780270168285
-88.37441666853161 -61.9693110382413
-88.31656211143819 -133.27468666255226
-104.8335133470046 158.1680998247043
-77.39488609304121 -87.01501311831883
-144.45466988116976 -166.53649889088217
-95.4095609609522 115.06202057852354
-98.03329810958277 149.6479073000026
-91.53123106336969 -108.96644208406308
-79.5212214505924 -50.561265884247305
-96.55313676176475 -52.9637815022781
-124.45831763711452 -79.80243801452716
-76.14518007526425 -78.3953246881624
-92.08920680735059 -47.53765667359855
-97.18317582445641 -77.38480612972718
-78.58069588599324 -34.28085188265522
-90.18349083349139 -30.532169646347047
-75.39848658479667 -61.5752335312857
-110.45069329523518 -76.8885283617925
-73.36356555199556 -86.24705059648072
-66.50617100801657 -110.21772284628727
-81.1951445781627 -84.64170836398907
-150.4736292560169 -116.12736418640608
-128.1305733063089 -112.92387239151573
-147.23808501224764 124.41919227221076
-136.219858671917 179.02309193125592
-94.07248400119752 160.37816311235974
-82.42668331437125 -101.60188154686007
-76.49980217503715 -53.403119009134485
-90.32565720873892 -155.79048983841457
-108.79812488313458 -174.50675457167142
-78.30465304354594 129.47727794768846
-89.76978304945561 145.87147092264925
-103.72923279908284 159.3182312970135
-101.47979189987431 -157.4006715942813
-85.42495343594796 123.64051121076042
-109.41218010413286 140.1421616302166
-91.97689545557151 -156.60505765003722
-95.09991776425936 -95.159572381603
-75.2353194067232 -108.47813992068741
-65.29551036228618 -43.87700124718683
-90.5982158055478 -84.01402015995595
-114.99196556576958 -136.75353857968963
-94.71400112727925 -112.58117274807495
-111.01732600445114 -70.34341763055893
-76.60303394375383 -35.87407623675703
-83.43718503209507 -28.358671884286753
-91.39329387299027 -21.325799166539046
-138.53055142695055 -174.96884810578695
-92.73524107614797 94.51135454545745
-76.48853594630175 152.05239099153198
-82.22769651103756 -162.62964296076174
-67.41546800089557 162.1025748295317
-73.90827656848322 146.32206554947788
-60.96181161539506 121.50218945754061
-115.90734300502616 155.586063005669
-84.1346678189194 164.75309619281887
-93.5607423499388 178.612127592905
-76.47035858877169 154.41809797181975
-137.06696146899193 160.41034423289508
-96.8653859536109 173.7041254349412
-70.21995247243002 -74.67499121913933
-70.39773282814836 -81.9253774875076
-72.18098239973305 -75.29471120122068
-90.94372890793683 -34.15797408296211
-81.77372125802529 -84.71756230804935
-72.86405701666705 -52.77359308754202
-52.20107101378952 -31.097375564620904
-111.67138582853651 -63.575895475282
-81.77011855667354 -59.24233225282999
-89.04291007039262 -72.10600853223322
-101.2038320180845 -94.117772305069
-91.78970905438963 -176.2380785937012
-79.34894693584029 160.4437904126261
-88.00056761759178 154.63219380739383
-87.73477686392796 -84.30216596112447
-89.04220723248396 -90.9122344140039
-157.47479263474014 -70.48474807096497
-77.90479547838461 -92.01290609721114
-112.10507253227377 -93.14733903133033
-71.47250438286812 -44.97329054239193
-81.40531124055539 -53.32774372625548
-68.98558000457378 -26.181220860660492
-59.408506168310495 -59.81723169148275
-77.43969453277393 -149.89505855451415
-103.8685681765593 169.5666869149871
-85.20057786283604 102.69640945076162
-73.86649279839091 -61.70504758681588
-82.16299030623875 -67.4165264470065
-103.11144524218184 -71.46106653861389
-65.361242240196 -54.38811368956434
-83.6727895614892 -110.26417820232766
-99.5494358567472 -96.62671406389236
-91.64155871458662 -31.79226266427991
-86.59477684487636 -57.49352337012249
-155.1776872937167 166.3354097924512
-159.79046853467835 -105.33320316902967
-83.74787695052413 -104.6770868416755
-63.60966685470308 -52.86716354127143
-113.21454315933325 145.79300494205228
-77.03760005670443 165.05045022764287
-82.50965492849 168.76339519803713
-62.77757612475728 126.51805356050679
-112.3193587529399 -153.47830388175055
-83.90096038833728 82.90994065090315
-78.37619358994533 -123.1534693937374
-87.84730374004819 -84.86532717480104
-81.85517530238523 -100.81094474623852
-98.43816789851041 -41.48232281084799
-83.98021022483162 -56.793692376025156
-99.46589971894674 -51.08367128945502
-74.15140700969907 -79.24080084460522
-84.58589816353772 -65.73097641003838
-86.28182716652138 -78.72447830799895
-63.137195382005515 -67.38376983396236
-103.38722936739566 -109.61719199262215
-64.76460721068143 -33.07713686989366
-118.10666024081681 -147.85872368369323
-65.19255399720313 154.7639740540213
-79.93414393151679 148.00538536813332
-71.80964992433385 159.54834416717915
-90.6166465458113 -106.64165536728638
-84.8898892710701 -89.43845827131501
-126.71421108279455 -98.02547179912486
-88.65641628749826 -59.98675497420224
-138.22259440327002 -100.75106733008087
-105.47814540354315 -99.6434057031181
-72.94249873043437 167.87360801741468
-117.61200199811961 -90.71434171931362
-95.4445373908808 -170.81199348502443
-95.46680241166926 -120.15769057926055
-71.42011222952692 -47.470783634812946
-83.2323551632566 -76.48845778601972
-93.32582525110334 -147.3075406726022
-72.48522888656893 118.57684232700348
-85.51250388746209 159.8735548555699
-93.72439968679437 141.87650703906596
-80.68068260271139 166.18620150343608
-81.10643283784809 136.11587796463692
-63.29126850239916 159.6950182762231
-88.07379609601621 -148.5162737881045
-120.04194605034553 -59.79323494960259
-79.23570725472324 -54.43577094694407
-91.80954819025051 -92.58008712722022
-69.91080656949403 -43.64983949567272
-105.54200011922921 171.72434831325012
-108.31131224748265 138.64785679729198
-129.068570813234 172.901016369357
-143.01871125644124 178.58938877124857
-109.25689142838324 -110.25067939550141
-74.14582981227568 174.14652325059993
-72.70546287368073 -102.7409771916538
-80.20493621665372 -47.118720691773106
-88.54015442519885 -149.97688463035962
-120.8554074033518 -45.61481428952243
-82.78160155506262 -17.48398162167626
-128.98081910309244 -100.11483961952271
-59.9788035335693 -80.82074691069157
-54.69480488954879 -73.2421909025556
-59.9153714159689 -89.19446129843878
-90.83144508078607 -131.8012915306943
-70.73246851017724 -68.44574922539083
-89.90838096767476 -62.60954562652649
-94.84928341000956 -56.105467132401714
-96.63240058437427 -78.08694636394793
-82.08114690546437 -90.03393430893118
-71.56190157496712 -85.17364030535661
-86.44359371583394 -115.58632047505728
-65.04702454070618 -60.12044275972423
-86.43374435655731 -80.45114734279264
-149.2689329661635 -90.39781976242621
-76.66112984566122 -56.8174700762444
-70.35721825278067 -46.094601274260924
-96.82065047797079 -178.0125823365051
-127.81206066710202 161.7786639968765
-96.8073077902535 -115.1094063390869
-111.8017550827952 144.16796349376597
-54.209093579981825 -76.34642536066373
-99.37384312377908 -137.78197560666078
-94.02424023386749 -154.71866796556668
-87.6901431210328 -69.96435946211396
-88.91405244553069 -72.58829529759403
-74.74108845213128 -50.58014543425214
-90.89411149707848 -50.913432654354416
-90.37641882488263 4.298661717073086
-60.534846622232976 -83.66582771485564
-97.65801980532267 149.24526560847443
-104.70522548104599 174.6853931763167
-113.68273509322432 178.17855883449934
-80.12379813611723 -147.02171585131788
-84.46368530385466 158.19372030499738
-110.10323636681181 163.3369405911651
-85.7299074133071 168.67725147346027
-122.40463413728806 148.83076927199116
-106.48598421691949 158.05025143502178
-97.48614715527962 134.11226489310346
-88.64779359821581 142.1129014748414
-69.05373073159308 -62.939259185640886
-101.6181256787892 -65.60313359694224
-77.87801417809169 -58.909677423553624
-62.115008999000786 -99.07111601888933
-109.5954414119162 -91.58098031936888
-78.46234828956011 -54.14032791839136
-89.24159215451573 -53.562803838676906
-99.67763202941794 -80.17447892929687
-102.4628757916204 -80.13836043444633
-82.64788902114387 -31.566169790673857
-95.14345196004795 -90.22353040726442
-68.94911386697893 119.28696104257155
-88.31292817040067 -159.48998474095615
-55.30990090014536 153.7316506889195
-71.13852095729726 -105.51974943411867
-131.16558147931514 -154.7458651109788
-126.30941599142629 156.19971688597937
-94.15992195764906 -172.23740884324005
-84.08242195640861 172.77422112662742
-103.86312726368523 165.4309740158922
-89.3697987922939 153.011879343493
-139.04570209913126 -156.26135299982542
-82.08324453017927 174.04195921523075
-79.56799511845063 -102.13373936250485
-98.63413899970752 -78.93943634177394
-83.9139563621731 -75.02580989376288
-103.4889113796436 -63.21753303672556
-99.40277204224822 -72.65015507498022
-77.3019796517986 -47.12569655900967
-76.5503382442601 -37.097908357515514
-70.44613687050051 -74.00630640061623
-81.97156574001676 -14.672775176571127
-85.72283311893713 156.11273597121865
-111.10473070911827 167.09142104125695
-85.820539036399 156.58526715419262
-73.84973187821248 125.38901475449543
-81.8959293589131 -63.280187418455235
-72.3851044545797 -82.97550391418281
-83.22209590571867 -86.57166419370986
-64.11932645432184 -64.89859555633281
-127.50354938345488 -67.11909413819308
-90.1836877927126 -117.74710016788487
-137.08801275763767 -104.3060024670292
-72.80544869608455 -62.558675676691934
-78.64744387305655 -65.83852946766142
-69.05019758972948 -54.038925201048045
-69.87268929050482 -121.64471735824534
-86.7216315428533 -43.779690776134004
-148.83580822859966 -108.38501864988821
-145.94621476320378 -88.71535445478433
-116.44946609173995 -99.01476395174521
-72.53391547520731 130.05193176707002
-95.24181093320647 156.42564099778764
-56.47569923425063 147.7482827435728
-93.0037098314652 -153.0953558042037
-78.57784017209391 149.7294130687845
-107.27001521515096 -167.42665785260616
-101.77302367863737 -112.61997291909498
-86.93245726494646 -16.350874034280462
-70.1662209427588 -66.40145682851889
-112.56127339531125 -90.28345388139779
-94.41373251286859 -116.83330221922482
-92.7761636524987 -155.154388631743
-139.02337804940407 -178.3175771605708
-103.37055651488105 174.8213558220209
-86.6578477487402 152.3153611742878
-91.75566695232926 156.94638074240362
-88.41719882028731 90.96265030673327
-100.95401428027893 149.25636361801656
-121.59717051333965 -179.85385338981442
-75.74798129759985 -157.68688205522463
-91.94601793602209 166.7021049639372
-66.2530424360755 -56.207487259583544
-97.47192114778309 -90.9117570272405
-83.35302862622493 -32.455324054870616
-69.3915645160873 -87.61905920049519
-86.04824559203594 127.04870716390248
-66.99716435729543 160.11420319194667
-105.64998075744765 176.31839537292592
-89.33196231567675 -172.01344380810093
-102.96521225255938 102.64234611672818
-111.58479959582556 -161.61283508152474
-96.49094037930763 -99.90858347390409
-62.34219561023197 -67.2972798135497
-83.09506062804982 -90.63487924357942
-112.59753841810186 -163.12601308583794
-88.71807497961692 168.47299526123436
-92.59428284123825 -144.50989062795156
-72.414414027587 -78.35579774771713
-68.38561288008228 -70.27929422490261
-77.5798715611637 152.4084340587824
-120.83157598493179 179.02622247942563
-71.47858416276154 172.51539719833602
-108.89521616864492 155.18035081307417
-106.08001795032062 -153.26300019269516
-91.62124693669683 162.64673123718435
-78.81545833035547 -66.17611279041195
-87.0856093820061 -70.68509935378069
-71.37113519300081 -42.05387885600816
-65.73200296351833 -48.837299558957696
-90.57407700926476 -88.22331752137622
-88.35359277572984 155.14524883920012
-75.32413756359003 147.2546013375924
-63.020721461607884 131.78235641801146
-100.84932445825841 112.3588121719849
-77.0399825994301 151.80610911757427
-50.60658707019263 108.61445118217136
-109.81251032829735 155.1430023458399
-86.50587733701451 -177.50856159413183
-133.23425669318317 159.95608865169248
-135.96509004164517 -160.98522893959046
-94.81645090755134 -90.48255006560308
-120.6882069110627 -131.63272037211766
-36.53106891635613 120.88339294117442
-115.63560408340241 174.86313412827943
-77.9029263498541 159.85442406436536
-103.37453484741553 149.56290285014407
-103.72944550761667 175.59413710934462
-106.50274372336831 -159.0778295002919
-88.21376754856561 -12.319987782368685
-66.82604889767897 -64.59183213164812
-85.60590820152058 -46.35701763227296
-98.25701814134517 -65.71278405151838
-82.16765449513865 -45.9168179139145
-92.90275154747088 -53.127069290088755
-148.05977551310255 149.58775743140055
-100.10392095695421 155.93935357976665
-67.15417652589169 174.33720953340173
-103.9469399720937 169.51104922187014
-94.64996704517321 -75.0957360772088
-100.76721465431005 -178.71482241846226
-103.79077562414557 -122.76674166730706
-71.91620462620746 -50.502642437781496
-109.82185849384315 -88.40752075975426
-70.35973695327509 -47.50533043871346
-75.34390576287069 146.7352991188124
-89.32185460302901 127.92329865735083
-79.05751156731071 158.2049459003636
-111.680125590888 150.97764983525684
-135.6580528818314 154.14454608583358
-131.22873394591164 159.62076893993975
-86.85561192429066 -178.55163588682916
-79.84273385157302 137.16894112987268
-68.78393286938457 -77.52088104479913
-93.44566878877949 -120.79769821435129
-68.25526615091155 152.06900853828884
-156.25464987012447 -95.24081323880583
-111.35614656892255 -86.38977941957707
-145.92044091804092 -66.57511649380808
-77.30164130496983 166.33942761010863
-105.43340504348163 153.4238392326604
-82.19670384029796 -45.64685621152039
-89.78547468231424 -64.37701576531832
-79.28778599409048 -52.21747718907573
-93.89500858264044 -73.61679247096954
-86.75890482701872 -53.49802814941328
-68.51334361973173 -16.32574074384651
-80.2644039070944 -96.81124624036559
-95.48840017070442 -114.23427612490767
-118.38494624937708 146.55934726414176
-80.58178418162808 148.907819416239
-90.56843820112017 -136.653008404785
-71.98940066334562 -69.98594400869773
-119.59328339060163 157.98792474038228
-82.08431952368247 -107.3054337928996
-69.23777981892883 -84.77571095218691
-88.83682362480354 -49.55351148022
-79.98849840574529 -60.30208712991864
-85.83662920987642 -63.981460251301485
-93.06087055553988 -72.15435389092188
-70.42190609002203 -41.89840729587522
-86.36087737484947 -155.75910699869024
-162.4874908320841 164.07267877908137
-97.53724704412673 -65.9478906035162
-133.5347142208043 -75.84757190739323
-75.22125832649057 167.31470038412638
-78.0306663177471 166.3208111860956
-87.18485956044373 -167.03915933781934
-76.23632536473609 -51.64451894265742
-74.11119127624687 -65.02120336581551
-96.63032840673485 -60.174041357924075
-89.83803250361198 -105.13118905513201
-60.652724218980495 172.9779803196699
-72.05615133413002 122.97925808733318
-104.01134192844371 165.51908530494472
-58.4962993130567 154.34496180553333
-72.64590130407011 -140.68871603083073
-92.08074273448132 -91.12441514206965
-86.96422700353516 -93.3240861301293
-83.27643290103805 -30.758277743721884
-96.06878800274316 -88.04751096180415
-99.10382803346293 -98.43539617447348
-113.08932625092176 -87.27273904455687
-96.63910198681819 -85.68347172027771
-93.8596322571327 -79.18226154524295
-63.43467803577218 -55.91355558349735
-73.92362257280682 -115.67694980585854
-76.02313110288564 -57.36770221076658
-96.19401436979088 -74.80995490250811
-81.92111555044455 -97.03076025622651
-81.14018389077269 149.0257534075418
-68.81245967199506 165.02479211315307
-95.0333140640536 -95.48157103001763
-71.06496742119968 -50.66439255697015
-87.54242136744976 -63.54315740154648
-79.15534674455355 -15.589287317822455
-58.35623446313269 -66.62888736782241
-101.7895981070923 -53.38402515267923
-90.3107277454057 -147.35786737956653
-81.96081273453028 -168.3354884634889
-83.17262678459487 -48.171685965623396
-111.553048604298 -84.76171845973413
-94.69637939697438 174.0526087447135
-91.44406058767335 132.87368832278057
-146.5239155124474 129.4954430821421
-105.43188789678098 156.87642285317867
-96.70872143790449 151.91765971392442
-92.25820947324571 76.8900101949618
-103.90404494554963 143.68252375189192
-128.38860645511755 129.57945278153096
-72.3176282641817 163.53648723861536
-81.33006255150578 154.5871030163645
-78.19431550552888 172.30994985335624
-164.0381320838291 170.75057512492262
-103.00046560749584 -68.89858183535358
-91.6769650212478 -56.57349291253557
-109.65855925262977 -45.51408648704493
-81.07429724059502 -94.71730889900935
-67.47927360513488 -50.645148116067865
-108.87299597901459 151.33062791159298
-85.59053039028768 160.40493689781357
-71.9641836609536 155.74947987601254
-84.20093964910235 -111.89821244380967
-97.59117440245286 -53.33503554331964
-82.98541523409077 -50.939309181428506
-99.88219029014682 -66.60578071227393
-79.6811172012649 -176.2195010963548
-74.51574318558717 -179.4870512806354
-134.22632063562978 -64.8734300729844
-76.95247017753975 -70.89608774841774
-73.83691917721596 -33.378531139246746
-67.40217793572938 -104.00085744877744
-107.55651171391534 -27.52626306884135
-105.91022390009914 -33.13834893213208
-108.3712443813974 -149.78715556767756
-70.97032374629651 -156.2962929399068
-68.80205990938575 158.8603264134553
-87.68209561631093 -144.91756799838927
-86.17566372146861 120.79617580043458
-86.37679846645892 -53.62491683423323
-78.02528591645196 -56.446890050308475
-151.1136597602818 -83.52798618345948
-117.53945784180316 168.90694824028324
-74.05434237660177 148.44655671409552
-77.61770204041112 -78.2706267113391
-98.32954490431003 -30.191554222020976
-98.22781840321862 -91.5724745303671
-81.33710646022129 -52.68051062670087
-76.00492971038538 -47.63027014491583
-108.149779735197 -147.660135870779
-67.35897467675957 180.0440530496601
-81.42266753988675 -74.76200326131816
-113.0214931036605 -119.03833848902073
-116.961905861351 -94.40980238781023
-120.2191901225624 -76.39348054441307
-109.45126395552344 -115.67817688471698
-109.49327304879807 -59.77568473939185
-99.02410987034052 -55.68131462685804
-72.21717828034775 -27.242100863133032
-97.78289009402374 -82.73144296362445
-89.40357085403147 -153.39851511977167
-108.85556958740474 -177.3059738546394
-86.74475935672689 -171.74998648186482
-128.60681993836351 -51.03757813021245
-68.47368179597805 -46.764693239771695
-83.01375294904557 -77.91336881290741
-146.21564149924586 -80.75384541132465
-55.5657598838797 -63.240211044059876
-76.16559673193248 -115.68491452172537
-72.41425646355371 -61.17293540674717
-87.06172599882694 -74.50023166035523
-91.37734860100946 -81.75660734231887
-58.06777833161513 -45.65596700569521
-84.5742359115075 -56.369257218486034
-95.6084314035643 -16.062163286249707
-98.9934325068846 -106.1066586361922
-78.46895842845669 179.07069207976232
-92.78845999376156 173.72345124080738
-91.58799560702063 140.44251777865907
-48.61301952295349 149.34925968314138
-103.59459084659784 151.40438413406272
-37.59645519180626 170.86966042290996
-90.01835222513166 178.2470150159295
-67.50707433692139 155.60663545001617
-72.73431575654406 86.09977243523562
-88.00582897483923 -141.80541636139066
-81.62501931951348 174.46370620690954
-84.7504436919969 163.45952236461258
-78.2518563075645 165.41063156422726
-88.16323431194391 -167.47943604846154
-87.39983312618111 -95.31829562305609
-67.16329123975181 -35.113880156037084
-79.33280939227147 -55.85734904324838
-77.79151901880037 -67.20562269628891
-93.46119776641505 -58.19929077146557
-83.00135385562754 -52.96064718867076
-95.71759189126736 -161.0167493906526
-66.49884427076152 178.91672530077764
-70.76568611430707 156.23240000810867
-78.02665888768816 -155.56795340908542
-102.72644640654885 -174.52757382750343
-120.30820925414338 -136.82459932883026
-85.2657215099785 -85.33841040626466
-70.90331380817076 -58.644154530743656
-76.5158182733427 -97.80423840877812
-80.59208165625006 -79.80511959943584
-89.52803426656193 170.37642740571852
-94.27948436407671 147.9120995433457
-107.21297655498694 -91.02215329969921
-91.55329966731651 -37.310266801633375
-108.37952425520655 -41.8767403735739
-72.43713819121827 -62.968568544575106
-76.65477401928601 -54.58809061192496
-78.38744390888681 -110.02137761824277
-31.524039969602615 -64.04850729986168
-71.86562327420307 -71.79723895367769
-92.20329972198132 -67.2952964714769
-110.53360680817252 132.9487380745989
-110.67395395606371 149.38324558319547
-120.88227728406667 161.92642171212267
-102.8491240589971 -116.92401441762135
-110.36397821420275 -83.6207573407077
-85.36856366435032 -72.26030731118733
-79.4147149948721 -67.99052115092996
-87.98988890045338 -31.32627684452253
-79.11820890954226 -42.1994124253647
-74.39584082214836 -64.85595129777376
-82.04935612658035 -92.11347885963552
-105.47003868809645 -103.4803311194814
-94.21368680790079 -78.75054142306128
-125.54930162253243 -95.69410996990317
-79.61090746894682 -63.007050703365415
-53.783517817138325 -71.30224299462978
-65.79652307586376 -53.1249897020292
-97.929774110699 -43.48779374735568
-94.77541160941615 -71.30444497195325
-102.20805030986223 -95.69648666343831
-65.51093493883566 -29.68135377630123
-93.1515577980372 -48.9311719939627
-77.19670592863626 -104.611135576183
-90.92121418102778 -76.86495353332802
-75.71300188880575 -88.6840994702321
-85.72814774728994 -16.70044722440063
-97.21692426435486 -85.61168755315592
-84.11641062665684 178.62200031087679
-73.08096218862931 -53.78986516645914
-92.2393869562452 -55.36241276453569
-104.38391037474481 -77.33549124932472
-71.84533193303294 -34.04841186959739
-102.43727289396341 164.64361847417257
-105.29246425071912 -84.96990513040278
-135.5260061220653 -176.66153516840996
-91.6426026308718 -178.68940125091453
-96.53702853163315 154.0231822349428
-79.35139933949871 -106.4309601295855
-102.32941648280628 -147.98826048926918
-89.89937601776681 -95.55638644080642
-80.42392859074728 -89.09125884880426
-97.51608075663792 -83.29439582846003
-80.65979513051404 -71.87859681831007
-102.28119782327961 -86.48915974734955
-71.3793460147356 -36.480000443636186
-94.55603676747643 -57.170608859860295
-91.44881692177613 -96.74625661620746
-78.84934315227784 178.43280467315918
-132.77040040388144 -141.9542748952709
-102.22187093329846 -35.08967937465609
-87.97441387614184 -66.68477814010402
-79.50381096234328 -55.49416877610474
-80.93125102305727 -68.8198064057249
-112.19419579485323 -69.98348813319242
-106.81705545343688 -71.40059875995543
-102.16503708847118 -138.05434212778746
-67.09235407566712 140.85382909115873
-109.77911880821351 157.18618936781732
-105.36770043852795 -79.27688720768433
-88.1602788034774 -60.92631052327805
-134.19124566594706 -75.55922754251513
-114.10933147914166 -88.75413991085179
-107.28563342700451 -118.0590186914804
-64.20426272824062 -59.98665163687156
-85.50564484046092 -42.461960425662035
-53.117973004169166 -45.98520379904608
-100.0283259234554 -124.13537113117049
-81.23885653914641 -70.58134019547539
-107.80492035686852 -60.29498957257647
-106.36480333550769 -99.2359078259581
-46.473800478545996 -65.95882551565428
-74.85046362311336 -101.97231331174385
-68.10533111577253 -62.88237227299642
-87.19010783226214 -40.86684863303769
-102.909641582779 -66.64193571829573
-74.50433459718421 -0.8376040704143919
-91.56870114678391 -86.47293516292501
-94.38483253061041 -125.84413068798176
-57.98282007288459 137.42940280479303
-116.08832549550925 -102.91721831195257
-93.12736346184195 131.71199916032828
-71.27793348411151 -67.4658296395602
-71.82622052218576 -46.4401618354873
-70.30294100412922 -55.19301982414038
-87.08087282461862 -40.00240070139575
-94.98602704794887 -81.97216828657885
-68.46694257599219 -92.33851503660327
-92.11799354163146 -87.18685913094095
-137.36797528813682 -137.0891599026416
-84.60254542293748 -92.35334095190662
-70.95572223570802 -58.29616835895669
-88.20593304996575 -84.91986946406045
-82.85847362594485 -50.18805562924494
-84.0107051986732 -60.89902321293487
-87.10152732971942 -161.52314148280985
-102.26802184573711 -136.55824286088094
-91.90669553421286 -158.75052433256198
-86.48599258494575 106.87483210472702
-76.0331954163367 160.4267772966694
-92.54796457177966 171.13168569969278
-80.15643441978872 151.47493722324708
-67.51855729406078 165.8062814537153
-43.81633768905726 124.81648422518191
-83.27390648723143 147.31522729329973
-75.65048613730164 -98.55263650790987
-68.37410051506441 -31.69013321833394
-83.73219061590783 -91.41344379096893
-75.5442580676578 -76.39853600304724
-96.82602597319821 -95.9033790701284
-81.42825960101023 152.2704055937318
-120.84858425100856 109.98783362337663
-95.51755377893947 -159.43143354783754
-72.86789128405205 -60.38152028892725
-74.36455914922307 -29.31843822510094
-98.55308430437127 -93.91732940837719
-60.76588706483424 -87.55652719877985
-104.5139467138705 -55.53772633320644
-71.13250288381151 -35.212295110279825
-57.941865873195944 -39.673760507591375
-94.29604896310376 -75.22376784393225
-77.71886564979835 -135.31155221623658
-73.58149261332004 -79.3485096500435
-86.68676740090493 -86.67518721915046
-64.8948441396581 -73.25855908310085
-87.4329177400564 -87.58282283132463
-87.81364469144438 -139.53649493752692
-104.25018317444103 129.8750931656464
-76.55973642965384 -25.05557312851266
-51.65774258942366 -77.18227315454602
-88.95858397675438 -83.99075170700753
-75.24371194999753 -57.02631561625666
-94.6825729894026 -77.46979512159042
-82.12265686593221 -76.38438999040103
-61.44431741752348 -86.39166866631523
-86.93936208634007 -57.835001209722066
-92.02013477060774 -82.3316941275064
-101.19997979796044 -103.80968876868631
-85.30014305924824 -58.731975946333456
-81.04276184144493 -52.815319728153376
-104.70826788357256 -113.6793020778668
-88.32101417377837 -81.7216763240235
-94.89848268985297 -86.24870412953705
-82.4646582343603 -90.04528226666923
-79.43739978981073 -48.11930568652376
-115.89018441316144 -166.11981246416372
-69.04807668437041 125.77256207066942
-98.62379282833285 163.72511013634238
-82.6134747780273 -86.16108346439536
-86.313712263456 -116.86702815580054
-92.47657650352366 -160.85457612439305
-89.16530347779737 -174.48069808561812
-64.80470536895236 138.35346578443566
-77.5625047407424 105.70979851631465
-83.63511478928442 -65.93729468999004
-94.19882185442482 -75.1511968389023
-113.85710282141339 153.25876861705902
-101.09240556401362 113.8849308678192
-76.29750370208643 -61.908880914889494
-103.86994291673878 -18.334333446071607
-62.74628000345642 119.68407161179952
-100.93609505656929 -171.68742001283752
-90.45580152278757 114.93578150384553
-86.67428189379807 140.56082511628614
-74.8226097698808 -166.51948724962048
-75.4503407918688 112.4022439282796
-89.00300303624567 -106.45079004558993
-94.5385302119583 -63.867359771761585
-117.76059700939221 -68.22001553816743
-92.6772462785607 174.96123763579385
-64.97272939756917 171.98993381640935
-94.83847775238722 -107.86512665870407
-75.03361913075831 -29.097876169381085
-61.147192962333634 -47.31001185721458
-72.80807288016389 -41.53572180757028
-72.72837509679178 -112.7531590660542
-82.78790230372583 -41.55856654105503
-90.04632477312663 178.50220255207296
-149.05598931834263 -173.63079560827805
-87.48190362095895 -90.54237204352151
-81.64751160253546 -62.219788578488966
-92.4130235297337 -88.26132146984526
-74.70643919864014 163.47247170860615
-83.53858525356186 158.83600953682716
-93.00663406197117 -167.4428475367045
-100.58766211067116 -140.05054954772413
-111.97559491996739 -95.58796081363614
-89.66584875020604 -99.03516398737047
-74.65997894705049 -26.478284649241374
-77.04777071795878 -71.11057869966345
-51.42183473450759 -62.287853054485616
-72.65415883006281 154.24565014638029
-125.85831152692094 -100.40064063132182
-73.5046349771522 -66.49583435726306
-107.41374746733483 -70.18445072074657
-80.42398947698713 -88.99099337734016
-106.51132647785765 -50.01090788030841
-95.51769722002842 -43.19673984667943
-89.49483757249799 -129.07326223616707
-67.60155243176044 -59.27645800184804
-77.41726258203829 -55.766152529996305
-84.0425669689885 -76.61390696798985
-74.39164932716317 -68.77265228929323
-97.7487056918983 -55.17071179557207
-98.97042951520169 -111.16965996016488
-117.55783200186447 -139.15714373005306
-71.70299222245978 -74.74475305964708
-123.77596344572902 -168.71894403261254
-69.97372474611413 156.3325897736625
-89.16162855302728 -148.89467997240433
-107.59760814621193 -128.71438261204523
-66.67892430820329 -59.011328243868384
-72.43873278042602 -42.30699752681421
-105.38830304713564 -109.51095871007314
-132.13362653719196 155.56711114785986
-80.38226741044981 -166.07027184448623
-65.76533457527918 172.73000341811817
-104.69537814222407 175.40674175371043
-128.79531733824356 -162.90338081105017
-67.1570917681168 155.68775785920226
-119.0771469461279 164.33807685765632
-97.10541612541576 -87.33837248784864
-59.73462676304331 -71.4362818158462
-69.23703584963988 -81.84576125919051
-101.9661251427859 -97.0334424365131
-66.1438044945213 -68.24319359117214
-82.7397447730308 -59.890372415038726
-89.59233227281722 -79.94982230590232
-109.83158286644417 -47.93881566511987
-104.46926164018208 -6.211821331449056
-68.53118650802956 -42.671771095675005
-87.40749098679109 -16.214604036016368
-79.86606419430404 -59.31819458269512
-94.96394901287495 -82.38072519491693
-73.5333820737001 -49.608789545160974
-76.04082082534471 -66.29770534735152
-92.87524047707304 -117.56227503316546
-89.01194467011027 -67.99559046499714
-93.30736298622193 -83.86761388414521
-112.062659992248 -162.38794389980964
-65.74964352652559 162.3853080263983
-65.13299129618775 142.60038438530938
-84.76787634242136 171.3323108976167
-105.49459750567922 -164.3462563974833
-91.6251910103768 156.32569579174967
-85.74434029280667 -139.05725596282812
-128.3208489319934 -155.91064060533373
-98.96887725213911 -85.89309382266102
-140.82343641945593 176.37352391120646
-176.1500935168661 146.1450598697691
-74.76690575986417 161.0474606321324
-76.47480135880981 169.45284133107157
-86.30308898279628 167.11948503712227
-131.5122809014136 -177.54028266424277
-96.21552622761588 -167.2857837789413
-96.68942651322044 -120.29257131223079
-67.39368311035594 -45.432964354800774
-57.37710228945987 -42.20311571206841
-58.980951466994206 -72.30982116499499
-77.40487466881162 -42.052448469916264
-84.75462930659809 -66.20255286912818
-79.07082099394606 -66.01206723485433
-89.81865135205263 -97.23149047583767
-98.85548637942875 -157.646367165163
-121.89532069632124 -59.95197338059507
-80.44222086762265 -106.02150803567557
-99.09327329393145 145.41674286224097
-109.06999799040871 146.72603560145663
-89.97797948279101 -148.10617370906365
-76.71883839550618 -25.21574520398684
-79.80622513439081 -84.87316991808811
-80.58536935357608 -96.7732485079315
-69.2316061208636 -27.507397071297746
-75.88139798023893 -11.74523856420887
-83.77567829262702 -160.99186754710922
-118.50267168398811 172.18745215648804
-134.1991103323895 153.82501290395732
-93.34979863689634 -171.32862848668972
-107.99671615763654 -121.50061680215077
-79.8994561971423 -54.66132542862942
-86.6086870690101 -107.96533828611584
-95.0842443068814 -88.37192842926281
-96.02205968346239 -57.57880878986458
-64.95059811581065 -81.86797959412071
-104.28549499737454 -81.61632105667383
-122.86465229575003 173.65545373047624
-104.22295773516855 170.71625425890878
-87.74509767865938 166.91061657440724
-73.7379468354619 178.72004071041712
-68.44085564368444 143.04849104730036
-104.67977092163247 159.9272230783235
-91.21147069601547 158.75835664121297
-77.70624306338635 173.26903662707286
-129.23455653747544 178.16030174270213
-78.40112049332011 -115.01945879680628
-90.3800670017314 131.32493052160447
-92.31426060083248 147.62330247721727
-96.75486181529224 -158.48438168996495
-91.21277460516241 129.40688135035077
-68.38777102500602 -72.10429643647821
-102.24047678085995 -176.83930218149058
-75.86996908717317 -58.63055590792876
-136.79736600316102 -78.42945981067741
-90.35532805758001 -98.13477185297486
-54.974985143589734 -30.8174871091983
-58.72350184706518 -49.585074079996126
-67.38414853936814 -95.50457897421533
-87.9719258130223 -76.46070968124818
-62.76469891783302 -64.01944705721361
-128.89042693855643 -154.9718574375622
-93.53835338604385 -166.3261859282388
-75.90301720792809 170.62973015876582
-97.77874367934629 159.70784645531657
-122.33896190364932 -164.4293926734431
-105.70630858285203 -66.14575132971089
-88.99293362600308 -104.52751995930045
-79.37387110171817 -58.33960006789348
-114.41931670005451 -76.61843681908286
-96.61708610531797 -24.43325798115164
-109.14977114827117 -110.24935748051698
-91.3019601080904 -114.49862620940745
-129.69877707828297 -179.71027838034865
-98.4366517603486 142.27674099900128
-68.5632591051742 141.63158018400333
-107.47918137441357 159.7686001288532
-103.94902258462423 -66.46656959965924
-67.75253287076832 -36.523101421351896
-56.927673015006164 -78.06069669369936
-65.32000326056165 -91.55130446527724
-71.9639786230056 -30.693487189001832
-84.13887587082236 -83.79104548110568
-87.34291827625498 -54.49947817508273
-102.4649377136659 -129.8522152567569
-72.38913819842784 -52.365783940102816
-78.50936993883894 -49.46056303750466
-97.44659264247923 -95.91083343331466
-67.97174748221113 -58.01075593558645
-84.77957004441257 -69.86156177927036
-62.8124796436546 149.6105965061314
-146.68219902700918 142.81249349873224
-78.21172356996716 -142.22924113111623
-74.01995028944562 -32.157102532186556
-67.91705313945815 -81.47288786898454
-93.42878012791273 -107.46343501196223
-67.64640692709737 -64.95557784600936
-66.19800896956441 -64.70127989367171
-75.13947049282855 -72.33529465547126
-58.37214235480577 -63.16692657778353
-81.77318945405908 -23.85726703824977
-100.18730362647429 -145.1464240707136
-75.3375010174952 171.94882040250818
-92.28944822390126 -174.00983550512714
-91.22771909036987 -99.11674375534727
-75.02339260015347 -76.99480548259888
-73.67238027615836 108.15602450095228
-162.04483287627008 162.36917314225673
-48.314221489780074 154.82199214892142
-106.20540535353227 167.05481980977157
-90.53935213222147 148.17572674466328
-68.13408103199505 157.37182772706498
-97.48931017184678 -58.03025131465071
-94.66498800595434 -143.51673144698037
-93.56546767906092 -179.75348414457906
-80.55710551509594 135.7580320443794
-98.5166690873767 -104.87428399893736
-63.362961309373574 -68.00530161997301
-121.0710811829661 -120.39928127128363
-90.81035560639853 -56.92997481642247
-54.33138411242355 -57.615143660689014
-57.36092952613507 -102.36474774443667
-117.01793621888429 -100.747036825263
-84.29519543977304 160.32962217724025
-96.17886505556037 174.43320692375585
-102.28009920075964 -170.62885157345235
-88.6151255274184 171.61415111625337
-75.38934239550944 -38.79932918119784
-85.89699741593878 -42.31771375055224
-108.20937970410752 -108.1855922103299
-68.50130212176988 -44.729540511817156
-107.0658404644554 -103.92758192757393
-111.70904739832741 -56.679917505568305
-68.47088900956533 -77.5219851770848
-65.02156154052645 -65.95910393277079
-110.74032603687267 -98.86349311545564
-87.33351297863834 177.4209090870734
-55.92775195659208 167.23695292541515
-73.62455505233439 161.68816351634186
-103.8212225649284 179.8967293997447
-105.943704006997 167.02887059154182
-117.53159607213824 -122.35546680221904
-60.23850780527069 125.48048222075022
-77.26942048254557 -174.14654646715178
-102.02449062406158 -173.01117384313923
-79.53972949859612 177.75595908283984
-100.2146334573898 -112.68782556772585
-125.76857234821573 -100.29740281064416
-75.79762622279827 -63.515128937841205
-115.18557412431751 152.6142991597164
-102.51928237363713 175.39067570229423
-73.16610431518068 159.99409814172455
-94.0567740542619 -121.05010917667144
-92.34057372064895 -76.89583299940381
-82.31742384474124 -74.17072452278977
-74.3276482693178 -65.02359858652622
-92.37044063196231 -47.05776827821046
-137.51911902191546 -139.30312248705283
-98.71894798630366 -47.70018896421087
-52.309165414412995 -81.1983182078385
-64.2082309428714 -67.21580679282519
-82.5463717577503 -52.09765208836098
-65.6909361394999 -48.888586810345565
-125.65863826770956 -73.13730962916145
-88.87229224036109 -63.209110348149686
-99.7632588660069 -11.359541078166501
-102.60072139357499 -43.7860723420078
-122.84816763603537 -94.27021853735377
-62.01452466879485 -35.27834860804794
-72.43938175507496 -108.8252729696397
-86.59368900371457 -119.30768257877958
-81.91868981248807 -176.72212837063563
-83.52225913598507 176.17401144503233
-109.29272844200206 177.03601897556248
-120.3780451822732 113.36793636634953
-99.78184323800922 -175.46376045354774
-100.85899849196178 136.84249033819393
-83.38441398206591 111.44906395657377
-114.88048026391814 -167.30740425969233
-158.22002803663537 148.17055079360046
-162.67833316843453 163.61371337472553
-88.2021368196703 143.29373479902665
-76.85865774834488 162.8351267213079
-69.8791022720596 -68.75751976053783
-81.85303371613377 -59.11736364028765
-72.35024276719061 -79.52692234945621
-134.12152849450112 -101.05788362174181
-86.21883176780408 173.7368524637047
-90.02606526260256 166.99537833250358
-73.96660700071742 -66.9452633337061
-78.25235385989754 -37.027339942642584
-144.73458190773536 -125.54607606233964
-110.81813399892175 -90.61547932238905
-119.3094205867437 178.3368991610459
-112.66670803274079 159.4267717193215
-149.6059056124787 -100.16781933936024
-85.90557379989575 -80.29068557085408
-86.36284760399984 -40.07654668589217
-61.75033599761462 -49.73763468607767
-73.77261240033232 -63.58276967833155
-91.99700050195972 176.02138833664773
-89.35043407671458 169.67513431626512
-134.67250149424754 -121.5514667835436
-76.21513610143658 -91.0848568389007
-116.35333193130725 -87.99911835061225
-100.23087161586582 -87.7784901018383
-75.6661215575206 -85.75624867262583
-76.43945332000679 -65.92685070788716
-82.2687611190915 -24.807772921742032
-57.624559648620185 -47.111881041377636
-58.697608611282185 -98.45422042954308
-128.2390320909763 -84.08362376374512
-129.94614041298487 -75.18286113682034
-111.38946511773155 -97.55002756183075
-88.62203019077266 -160.65613473084875
-109.3318066407991 -125.88742721506023
-93.6693706270141 -48.27074091002348
-70.20855893395898 -52.55239303072635
-80.29762302046643 -76.72602095065866
-45.98774997486126 -58.70443627736672
-53.978319839347506 -42.35759413434956
-94.29816682423738 -82.22305048639743
-64.03037201488577 -57.3710107786515
-66.07909710540132 -61.75194266170987
-88.29903064999405 -95.97761959741757
-74.53084099708936 -65.26725908421803
-156.31909989933072 -81.90123570783669
-161.54632962745478 -175.51230790698
-88.4737035149723 -67.44471604448731
-115.58641374584376 -136.1139285530269
-109.70804546710752 162.2891717482272
-88.972684215994 -72.67857520018738
-88.56195056366411 -66.47112046922652
-54.077011659553385 -47.16744059303034
-93.82517471857044 173.95721959150498
-81.60783866536727 150.35411207484705
-83.4759477846454 -174.98452354217494
-119.2330007929557 -165.42010392324855
-86.90546648760214 -168.0946506301137
-80.83491200685908 127.8073739598347
-85.29452391865999 -26.616238681398954
-74.08023313654043 -62.32555667764032
-72.43557544872523 -55.346026430290166
-62.62245614079627 -53.72310160956609
-50.35196167110025 -74.9532799952576
-71.57778638839332 -55.54172369534961
-83.29792399735771 -89.93934943639991
-101.50066429884923 -70.84358981523033
-91.21566784680856 -41.039197008199444
-81.92982358554698 -88.62379262314107
-66.08985011670926 -48.16146873401874
-102.21679753220481 -57.89113278265709
-89.13351086488646 -47.672000338229935
-72.31512970687493 -65.04629817255494
-98.62456121152373 -73.9797257083304
-60.75972089372071 -54.539060614219814
-78.24710141989694 172.6340038386004
-123.54405060973329 -136.5909840003637
-89.32900447066997 168.48099711535153
-92.60637391392719 150.20843519596193
-80.88535499681173 158.1239314303515
-82.74180174004509 168.62464894592136
-97.58711591352427 145.88805784996967
-120.10110766551827 172.56728577577098
-76.22439698511452 158.08927329353006
-67.0390440547046 -61.23059195859218
-79.61860791695399 -33.40697930452916
-77.94550811730112 -21.375134042533055
-86.51778555705764 -49.353443321839556
-84.5394956075154 -43.23301433590523
-73.35399111723777 -96.98083735901977
-82.42185351486593 -65.55316381882082
-121.5117389782581 -49.76580986789605
-115.54843517979293 -120.36744433977826
-79.53883748173352 -160.51735040333614
-87.28501290703348 146.1952372673548
-94.16555318555969 147.68619197679232
-92.4730334190241 67.29265567470314
-99.77191556741887 -68.15543036749983
-157.85268942665232 -88.35569132968092
-113.72359587871578 -163.01848466597062
-86.6483028782077 -118.07408554614575
-83.23462693141126 -31.19306845912094
-126.18708668518963 -103.47390403123042
-90.52186991026032 -29.19382586611918
-99.5078056893775 -93.17030476524933
-100.10984048886664 -134.3076251573167
-85.55483004255295 -166.2931163820394
-135.32747234631552 149.67092354183737
-120.7175509698044 -93.49222690360413
-129.8904689578156 -105.27363914341237
-89.94968365622583 -59.116197419098874
-99.14678553469852 -171.2859328161921
-93.91795866895191 -73.39446743153279
-141.29855262824105 -63.68494760211293
-111.86197795054967 -115.86285705985591
-84.09214398969279 -66.1220720090321
-145.3367583471603 -109.4147314577714
-79.560408248053 -76.36026733012731
-107.38880088767779 -97.89799400791044
-62.594085605707754 -55.85628289327315
-107.92118547918395 -106.23110079311354
-92.32194121366261 176.9086951312462
-135.61236898571113 -173.30417791734718
-83.43468066013395 139.48029726848506
-73.69407599941162 -63.46279050418331
-76.23369881209393 -26.4732944076779
-80.15034178256343 -88.86589696971436
-65.67969268032499 -22.145898708680537
-84.32628852265479 -56.39736021954681
-71.6863239330778 -70.51872715550728
-79.21976877791703 -94.60122107297204
-77.04032287871586 -43.353114212002794
-86.62051175404605 -70.19539535191204
-84.60696239086718 -52.37458506113775
-120.04042045958768 -171.6278260241248
-113.58530235391093 -142.4463814451761
-165.3486403516665 -166.63716204329978
-165.1732991631726 -86.20785332905338
-88.76695593509653 147.86537288975936
-81.16916231074524 -175.46080744240697
-120.67534136365217 -133.19150943835223
-151.2824686725302 123.15773495151086
-91.11494636060395 -171.9003144291777
-83.98226910048511 173.82567349052346
-108.97669908841239 -157.14913018921365
-89.00644504478214 -66.89756786437337
-75.95930762944123 -39.496387274190006
-91.78343739608869 -155.16558573488695
-78.32129629082704 169.50849456945235
-80.01779125477165 166.6307981517228
-70.35893181442732 160.65833241131406
-132.34320267062094 153.80386961709792
-85.56145744624183 -26.442601335153334
-71.95174435964665 -59.09868869618906
-72.53712333740181 -70.28693883713053
-128.21316237452328 172.8375339275492
-98.06236575279374 151.820472004617
-90.72121431734251 -148.82858443452892
-79.06902382930072 -154.47535001406985
-73.25790768080162 -69.33856300847272
-88.77646477158675 -75.04456558089831
-102.9873363195397 173.62981636949314
-76.34761386383403 -154.51574098516028
-92.59976428999454 -163.8332336090274
-77.08899775873374 142.73367453467864
-113.33564497080756 120.89444210905562
-79.34365589273474 145.21066271537842
-83.30947600080015 -132.21014169972915
-79.31187979501033 -77.37547412038094
-68.57731438923518 -62.660510694598315
-115.69009320688545 -61.41680185504498
-86.92857060048334 -93.46931066386895
-77.41838001816613 -35.45063630299481
-115.71577173947601 -75.96668248575523
-86.61641082472237 -46.81916902327426
-101.57119293858523 -88.62700141962783
-85.9631284274821 -76.80923310082558
-83.43257449635625 -159.04256809189485
-131.08470039368845 -169.96510221179673
-74.63089677371109 -53.22827647506452
-105.47583965241293 -107.78151461397206
-107.73077400518258 111.89155885323997
-102.9587667002241 -154.0606919998877
-68.87005148865039 140.3809181632612
-86.2176315843565 155.59211816502676
-101.32541180567378 -166.7314353573
-71.80023166706496 135.49969995165173
-67.93279187075392 164.17794556852817
-90.00025024306794 -59.841281507870804
-70.92655928445217 -49.18829679504101
-115.00504410480599 -53.99949382087763
-124.72629358881075 -62.73587360462088
-79.96126835375225 -79.73021678092981
-143.92425329930987 -70.81063293805548
-76.03747160005413 -64.87416787074409
-93.8471967145549 -78.91013837204103
-124.12876730653969 -62.61768063119379
-70.59615095607349 -31.47472926753072
-81.1110865034705 -38.470099248813604
-107.25183265867938 -59.96617989858256
-91.11066878579044 -80.57138476855225
-67.85023774404124 -4.691219745252635
-81.70251036254717 126.20286779063706
-69.58876813640909 150.35668515896853
-80.96302776776396 179.86591142918166
-85.47436257602355 169.88143434368718
-80.32647946560114 152.30472354987864
-144.7298981782269 140.33458240258986
-103.31170852663838 178.60363590822544
-64.04542776291282 162.89295353204508
-102.01620702730362 150.78819630531075
-59.80028847263126 167.80005485389972
-96.08250174452942 164.56389371963797
-59.94605504415733 150.18205846588904
-99.60382921363458 -47.093061620444445
-86.58440883060847 -44.279509173416265
-69.50921651191153 -46.7139571588449
-107.30053840968243 -35.97737913311285
-67.37840115488525 -88.62077223115428
-113.78577974298025 -48.93908981123938
-143.36256110589437 -104.42292833567424
-104.22603015240055 -88.73880301093594
-84.69395346465826 -80.18365532466656
-121.08565682280273 -162.98955524191004
-153.41187186360023 168.37332624479393
-95.24982582046148 -112.79556302485146
-81.9894492498541 -146.34862840305564
-81.70916168200444 120.31442122281027
-90.70172092659966 -167.8655774947985
-84.27060308736637 -178.10294656176754
-102.48294098853012 -76.08802482615232
-89.0593217440404 -102.32145125447013
-76.6001552613178 -50.8904462870808
-80.62398195357538 -42.48404248976118
-82.06226973770173 -18.383304872972403
-43.87026574252324 -45.35196292723332
-79.06673504914191 -88.04961743825177
-88.23679875953655 144.96691885184603
-100.00847080171847 -178.83323286833905
-134.57615542020574 -91.71181628029679
-86.01429026570966 -148.2584369388262
-99.16476831073906 -109.88455121977658
-126.28878428485896 -124.32286344754581
-92.34916166775486 112.55777857108012
-90.41027817864142 -172.61030351472556
-112.59356755785771 158.17833488131578
-102.25654024730609 154.71180766086678
-78.87952542877333 152.5232059960817
-80.51573603268524 170.43376137524953
-94.84009614964965 -129.03068117079314
-76.61268643956949 -67.20516560642167
-93.83988928517684 -63.5181178893186
-65.24929065179188 -45.41865264161042
-73.81689578466896 -101.04054097513567
-94.2027893653149 -41.42749992070571
-95.97180130593264 -94.2375889744482
-115.81195852298875 -75.30209089125283
-78.19491870246091 -91.88997720479918
-99.04109180791546 -27.00520621730017
-106.90170225611561 -67.44624521243948
-135.53212005376864 -126.72000844058947
-71.53498674209166 155.59190757820733
-65.88835378511364 151.84065857815858
-80.86003396333147 172.4661309207206
-75.45296996451688 168.00815207314366
-89.13883341634546 123.18442908444122
-73.79007194152724 -173.6723702774002
-125.09971433281815 178.16501515171285
-60.21951826067286 126.41522132419338
-78.30069616638946 179.64534663180123
-71.24912466764931 165.4341777427529
-85.77857961024112 166.30965520908862
-85.42506787609271 104.84481189310229
-89.28437850932632 -152.44327103926983
-78.67838905823709 -100.45684422187766
-68.27894664845905 -42.45398650358976
-98.66378019704857 -76.99750280016455
-105.51412310970444 -79.30862117811726
-83.47807223302661 -51.31708352282933
-87.36464869179481 -65.37006398973458
-84.28292195374003 -9.628711988084966
-54.180204605061704 -91.80878873786403
-72.13038408701165 -48.19279300713508
-70.37145096954124 -48.84575790381472
-66.66648394370978 -75.4596993753612
-105.55369873640521 -74.82757922765312
-78.00667765142327 -63.21805543413601
-91.26244858332353 -73.76292680868755
-86.33362481052376 -50.61060572523185
-110.27819712287338 -156.66237803517575
-86.45151243452098 161.56619983319467
-86.36774616812667 174.4739958004209
-96.76395931664817 -129.721755253453
-88.28783039982667 -138.75580721215505
-96.41971754095934 -69.50881116616938
-104.72569811789343 171.84109290660265
-84.59647673425194 153.8335288017326
-102.27408619299138 -158.80726750782733
-100.00865624254094 175.02288558436788
-110.06823845194434 167.25177697870762
-147.5075311704325 -117.95230922521571
-74.82929115391072 -52.61281798645535
-124.88710803934467 -116.00905265612015
-94.90730519502087 -56.18507087492069
-77.95046444862155 -43.10934606400229
-68.94317314177606 -45.539993525298364
-95.85818881000601 -25.49526472502842
-66.55788857189947 -57.719250338252394
-154.04271665781192 -82.77326982260936
-108.68775530870873 -23.92917116524367
-114.5782087163047 -72.72202702995708
-75.46881904414353 -111.25123813930259
-93.28097320634066 -42.61817635377208
-83.93687668954337 -169.47572948602198
-79.54189907021517 -100.82333075506172
-79.49144585359527 -45.576284675914025
-86.27526772380094 -47.328385265527984
-84.05889745101068 -60.74498794407494
-97.7531581697632 -60.91818837663155
-70.58882358874834 -65.05849620736565
-98.18866104445809 -68.28282509340707
-76.24333400983188 -88.2843637468514
-91.73094651669231 -35.92608102174726
-67.45224995383518 173.06436165923628
-128.99197872138714 158.5431369020326
-87.69406467560955 -172.73063973824716
-146.32787358336992 166.88769397938387
-105.21957601134717 178.56906368226095
-85.0471676951189 145.0487991464862
-82.52934730040884 139.68564895703742
-73.61409289455393 164.70103035204735
-96.56979427741801 167.5903783852621
-111.75604589262521 -121.11846276918826
-86.84803793566363 169.58997121993843
-97.9447553645582 -157.83378631753436
-69.36678311401828 163.937810498189
-86.91774147445204 138.2996266406917
-105.59261401184396 173.25824939745175
-133.660607839191 -119.8457040761192
-62.47377112571731 -68.65190496917636
-70.8794457329844 -31.584128690726654
-82.66542204298757 -61.775989569317765
-90.52583629431598 -46.62356664316072
-57.979812033640314 -61.36093981892542
-86.95085700334177 -72.2317140742817
-94.85881938196685 177.99536899326935
-121.090912530068 -177.99092249821592
-90.7836102275536 145.61571965072142
-118.84849212252493 136.58430386592562
-147.0626697428237 178.80831259280544
-86.5724165395723 -106.05980231857099
-75.10236150545762 169.6342755590373
-77.84935986808635 145.51310556559503
-102.5765274690638 -38.68046572513409
-66.3081933104781 -78.91398461536126
-99.34324430259129 -81.30430885739683
-79.45978180320047 176.3685952582011
-96.89888057139079 171.91171292192405
-79.96698075100579 -109.90348847017604
-93.45288579786586 -102.60476395852226
-73.9465448634218 142.27646452372448
-86.74574017809783 139.00361009157942
-58.01033999168167 -66.0396088830305
-87.96692443979296 -108.21676110277778
-98.69331933611484 -77.46694952101794
-58.96862483555985 -75.27378301862163
-69.24882034206303 -78.6404573403301
-113.70720191814397 -70.89208874307232
-78.41668086887825 -40.629439308509674
-88.28290357719965 -49.42759078633145
-83.6667873495853 -49.30213222521386
-76.46099020578815 -67.46682220518424
-45.9165404686767 -69.90277921403471
-39.5222591776525 -48.46787782837103
-79.43308180558898 -148.2226338662936
-114.27486105872123 -79.65115684452341
-110.61706346927663 179.45844784860293
-80.88794007082215 -150.10102342010268
-81.6122010721171 -66.85013829531871
-70.98439474175932 -46.271153976481045
-88.80760205255706 -155.75771787212193
-141.36962536798345 -167.4247029504628
-133.15369339850594 -124.15044005838229
-111.12942959707732 -119.91505837122506
-92.38094417225345 -77.65565317556467
-87.64753959835787 -59.62391280359573
-80.70150290782499 -71.31918773863447
-105.28035854705465 -77.4809083748878
-116.64927982007335 -88.19008745667678
-78.4679752813392 141.0077334740451
-99.82317142675907 -169.52705739370236
-80.5184205856592 142.1199389724591
-104.21919740464415 170.83807758284405
-77.19929933026714 156.90160373132707
-90.20829726326345 146.90652674966537
-145.52740259730336 -158.77123850692317
-88.35122039860846 -81.07025846857563
-107.89935418662378 -138.9584210227499
-66.41071783358245 -27.238425556556248
-80.50057503108425 -26.667323071380547
-121.05186542350097 -96.64051324780375
-94.35169211103216 112.95334713167381
-93.23204720034414 -81.24991245078657
-159.1698687939944 -157.76943686030705
-146.24535799483132 -153.94751071515225
-94.98815715054124 -100.94916235456454
-78.60496324081089 -172.5708233358894
-113.62315579668704 -89.51650593930906
-82.45255200172613 155.70401726330402
-76.29076135242231 84.60042341092858
-90.89989245008724 -167.8628615083163
-150.84641724549195 156.77796552513524
-95.82589120304169 153.77264695446544
-98.01524159740762 -169.0151041596995
-78.56556083442182 100.19261895069386
-109.58887155493082 -113.83400258496678
-76.4622335141143 -91.74049271427202
-65.30581433963542 -60.41852824002431
-100.73690843313734 -95.22885196901674
-66.53512889870883 153.88898543073458
-83.76255515379285 58.040334245847404
-85.2017487904811 174.2828392325651
-82.55623902672583 148.43383246770875
-125.1608091897711 -165.3951788346682
-149.25446970296116 -55.47650858532721
-73.34084550686526 156.95920025977082
-76.8760531657308 -25.387506155942962
-61.15571069297894 -60.42742819459475
-57.34111614046547 -41.77483993925283
-69.76412205383703 -55.47648035610516
-103.15879523805862 -86.91701315665995
-78.29797697609864 -67.17103261517231
-54.93949421735738 -88.76239344935888
-87.25950438124332 -90.54098059904037
-66.257450444902 -38.51818958195899
-102.25696650827688 -107.51016752318138
-73.09718179043213 -60.52165092150374
-67.06535427654681 172.1886712249431
-82.55883449954504 -168.3582826107967
-102.39669331030419 -178.674291686308
-105.26910715516695 -48.86937600914244
-63.648305363534455 -42.04319300433566
-80.53457109006226 -152.770523496969
-72.52951467561115 -166.71967012157083
-98.82664191986866 151.0807427791503
-69.5737614613006 -173.50679112254807
-75.89246148686814 134.41121776351017
-75.23631505169354 -143.51724904009782
-84.82321637628567 -77.87572224099264
-96.48777403586182 -57.297119252213136
-103.4956998045578 -86.13269679248472
-67.7442357238783 -51.32268622489738
-94.83433537516909 -92.48060525396045
-85.60502825972767 -10.903533725143156
-141.9443653233968 -87.15976685972791
-141.74795824755603 177.80425259968814
-84.45068279466052 136.29402633408424
-85.99068997666512 -136.77735145638852
-85.5706865711474 -78.98363340319248
-108.66347039420374 107.46040440349154
-76.76782097156087 -167.46821476771694
-105.14295415282223 -168.86784409176053
-123.47169516479848 -53.4782499034144
-83.40823744317105 -101.4496646874107
-106.62037304590994 -113.9868581344672
-104.19965370526884 -124.78392252617041
-81.25408400060326 -52.1753316587541
-94.04481925879827 -122.85336914169797
-98.19059436374486 168.47082756502382
-67.08758226865993 134.08442556274534
-71.60308051126404 159.81825905118814
-115.2212881273172 145.1401553621849
-90.93707277290342 172.29768896626692
-97.13931483249965 -155.70777911590807
-78.91156793887434 -74.53352592779618
-71.66447711528664 -51.693989714441344
-98.30848333948518 -51.06014818190344
-103.24284145737673 -78.11854597577401
-99.55939772145986 -58.830733150443685
-93.7213515083955 -118.04590147908058
-86.86502125693232 -82.43490851402204
-97.08039984382634 -46.28863330595063
-68.05993628917281 -70.72977145831737
-93.22902449233787 -51.014059355893856
-86.20322961987834 -171.67615307043425
-136.68080551985952 173.16256875773072
-136.23933611816446 -171.9542724320115
-83.74251110838708 -176.33369451204265
-85.95035110311359 163.59696636394514
-179.19307295980553 139.79405807287534
-85.73273212297738 -67.07398091818234
-93.40400936968173 -58.49285043672662
-89.10495140810585 -104.04344301777512
-124.82130556636365 -135.80193831093084
-143.29633341795446 -136.2984908283666
-86.03431002339664 174.19825792670562
-120.73852433887212 -130.23375886607104
-85.35995290014768 -63.6646341372659
-68.31912659936802 -83.42801901421034
-131.37270808506233 -84.88721593135124
-116.66979676986494 -136.1169031376053
-81.76163834100512 168.66558887282082
-98.0489423989726 -167.4364754024408
-116.18571465842876 159.1519550907506
-84.78167006050703 -58.34686709810719
-103.52016069705182 -53.18897379744729
-84.87929587094762 -100.28406934271484
-105.44827917639346 -41.111852837947936
-69.57194025877752 -66.94348380019072
-80.60908845080486 -62.16854247454183
-97.09521935654922 -53.82975186573031
-104.49851778178618 177.04150068248558
-138.18057933000713 170.85213890203028
-84.19524291333043 -142.62062042526586
-103.5106346581049 160.2897762394651
-82.08818868565427 -120.40621535386953
-101.00350878970755 -75.18582212764528
-81.20987548160309 146.98332277246456
-83.49682913930596 161.9999194069268
-112.05753957227635 -80.54781775635995
-104.68754978554828 74.69909322905454
-91.6508326020432 -163.7745491468777
-69.90192567348743 -86.42097600628216
-145.76139303824885 -173.27939787590603
-60.2722856480905 -52.49586822000162
-76.44567533699089 -58.24488384080425
-128.2448965825558 -117.63946408122895
-123.28834766474239 -174.74667519075194
-69.11930591916767 141.8310063361596
-88.98262478563092 -176.15950435952934
-70.1543249836125 173.7883542197756
-88.30104682756375 -128.7820970165873
-66.87194720024196 -66.93653796964311
-71.26238974899142 156.26283505039606
-79.43733238585098 165.7634139023353
-122.06125076275663 156.26668229005833
-99.75626963623799 167.18684561023068
-102.45908608941197 -146.16574654211888
-66.93313895392666 -61.51593702188744
-114.52381342035183 -56.07746013207534
-91.6551768104981 -122.5156324773539
-71.82764907580942 139.6091952049203
-101.88132019425753 170.00020983986238
-80.4023404610741 135.0664526691099
-122.71021681666598 159.08442799220316
-67.26312225330898 154.4971967552133
-94.4142019325682 177.10992604040314
-85.93136260577452 148.07824345252234
-68.65390111418667 -48.709583252699204
-82.02152133892972 126.87458681008061
-69.8703539243816 -70.32121890011359
-139.78182191171524 -112.09838720255877
-85.51961493577114 -25.18817697003606
-131.0132312063148 -177.03492433740067
-84.43987902573885 169.50628940166138
-64.7209902072922 -80.0448740922238
-64.32611596637689 -81.41830124187803
-76.88838354959842 -98.42101623860968
-73.9311841147277 -54.90787356576834
-72.30250065167446 -52.22298353033028
-106.42173101954575 -69.93128284826855
-79.14362507388115 145.62798292666992
-97.46596437769749 -22.372496279968782
-68.76998496436161 -75.97303538766863
-66.56316596332229 -59.5132671286847
-98.18151822222086 178.24089456103871
-114.52036574670947 -115.43725728947604
-91.32809196144916 163.19781034331376
-78.41027546820293 99.23697136675344
-74.01469472139145 159.23721064540672
-109.2042330540131 108.26130043580444
-100.01973714314283 -52.669818629377964
-68.31935014727702 -54.906383192043286
-83.74947880697708 -33.88097296498839
-87.14262635425276 -27.28473866873068
-86.934474283355 -86.61941175365438
-64.07252751534507 -77.26802129817979
-69.62787582827595 -70.10623289222308
-88.08392465186402 -90.08118726689717
-83.12896541234794 -173.14400292339866
-119.4930313550948 -53.934026364523845
-102.64867250444003 -84.8284919390976
-81.51062386623846 -17.389081715880693
-117.71100089637439 -66.04889382679796
-73.85340011942414 -65.98124569485871
-82.19139219377244 -33.880242520734775
-91.69370021044942 -131.31366685549474
-135.0216779976539 -106.2165498319859
-66.83204429019257 -101.81868959304931
178.95285529373584 -158.16372503254524
-86.08110992129181 168.9353461642886
-101.79726184783351 136.6257549405769
-75.63440370276273 108.43820004803739
-108.15132389205667 -153.56682884855604
-116.65958031394703 -90.6404159055457
-102.43906260256689 -111.18880542114192
-70.44183592323526 -49.57687591062299
-78.81388186552618 -63.012382523006984
-99.0734224464018 -172.43291533338265
-84.60889181410741 127.84313232989608
-92.18252319438568 -176.16500207931293
-73.19991030586318 158.62714884431006
-95.29438458633994 -95.41570643325228
-77.76473214671962 -48.957312648059045
-98.98307480858365 -37.69703813789013
-160.7776788971284 -63.345112514405564
-91.36738379283317 -70.29292479109807
-69.46426541336692 156.20742531666968
-89.354100981626 -160.4297409635754
-66.08117556106703 139.9389442726061
-65.35009276569109 -170.10271930540586
-67.83620998040027 153.8778605091434
-78.9419597680906 158.19322100637214
-121.79717528418433 -82.55586829399864
-83.14557915769755 -124.97739128287714
-68.03263997244228 -48.0106945149752
-111.31397092760096 -110.06766108632854
-91.52670367503308 164.5794321937086
-85.55293757719355 178.78953757099563
-90.81087360976177 176.06323906137746
-60.946110022600266 166.0340487814632
-101.88863188565134 -24.230527691629373
-86.24173889583994 -119.80096686439107
-58.41040983945218 -62.55393278741504
-58.92741380832762 -60.609247696348184
-90.6939955011712 -95.79518794931249
-74.14895382583987 -60.54425950063601
-87.57051208613214 -56.24807614994083
-96.58423745177262 -73.61757398940635
-85.28785884799879 -161.5702577625416
-118.64092665524835 -165.49050415995455
-105.57814855999668 -95.17439902109922
-82.97814652192206 -21.52179881004066
-91.05283604449914 -126.68397707656081
-100.99942988527505 -79.3520235175852
-76.33138054043293 -38.90064871762981
-115.83678037442158 -35.0807629396902
-89.72501462265426 -119.37183860077421
-58.6246656877377 -52.21469722667966
-97.74550438929487 136.88230003877877
-123.65649501795498 140.98105705049673
-93.93624655517534 -169.94803607357
-102.12130491945786 120.831954899817
-100.61997174884289 -151.27398841714094
-134.29519211976086 -89.49784194640274
-83.612696860686 -43.5068166146261
-110.73371951967584 -42.58280513510317
-71.11542874620424 -39.98673413898521
-101.00446748645821 152.19211105356396
-121.57928503720277 -137.81467215340933
-110.85748434314415 -106.17350867888835
-95.60310813182015 -116.10480777500074
-95.26796224223871 -128.53338213354877
-112.79843277749966 -68.82920407718025
-73.78485107830821 -48.294708688864795
-91.5473103457876 -108.41553002611883
-106.61813869587164 -34.49727106171102
-113.54708806324474 -102.04491251610122
-50.051727773528874 -61.43439922194702
-91.03280272089492 -74.76868864792259
-127.41009272792843 -117.17322481766917
-89.50371118465102 168.71632213755387
-102.95680689676236 -100.7409259509068
-75.86929999749071 -103.07042257241254
-124.18266260390966 -84.97053414335518
-150.77621018004635 -164.3900120892237
-73.18487367974798 -55.65941564669514
-71.46637927124979 -55.85534562284648
-72.63050113240782 -73.0787248156525
-100.10895219226346 155.73700877357155
-106.78239960640737 159.76004263615292
-55.36782545373182 107.72452821337284
-95.56990181876317 151.4245908245221
-94.21696984356639 -105.14025167852293
-111.37877356099936 -111.00049461688567
-67.93580284559621 160.5738884762067
-114.51414984413674 -146.31246288547746
-74.73466047170497 96.74972604585746
-106.55420761259236 168.3632968446991
-80.89081118878417 -167.5366206840736
-102.05189244224897 76.24670938621782
-110.44758446971608 -99.90716564165275
-87.31501359522802 176.03511979073153
-97.36063445280243 134.14890056363933
-78.00422489031456 130.98165086959625
-76.31731064986296 -178.35932427919698
-93.97117982377401 179.3788169383351
-116.02211228854783 146.044517671015
-89.74728412143877 106.76661164330547
-150.87682886091545 -143.4632310082612
-125.0536276943357 -116.96806233845628
-77.25315853372815 147.1951498952082
-98.56672402140474 -160.8060990665856
-111.71875233730364 176.59220567414047
-128.53657345425418 168.9028498867875
-102.38869550532327 -117.26399669971606
-86.52674710805974 -125.27354742217287
-67.88163533222179 164.52717243135334
-70.72121231622681 114.14218026924259
-79.75690152340208 -95.42437694227138
-124.09355299764778 -76.95504100897556
-86.10153196871022 -48.1444246062501
-84.38168519572193 -54.34739376022501
-90.19731299153975 -45.07302530557643
-95.36081276567164 158.21001826005795
-77.60039725976198 143.2766386047494
-93.73260739548545 134.0588265819464
-98.25533356818342 155.79123034029988
-111.51198269044907 164.67578056297896
-142.47692208504188 145.7625218152764
-87.14305564951235 -99.24852808014697
-76.65641729059081 -70.9153417384353
-113.0703189326295 -58.18710014732591
-91.79315423386092 -53.54896018930059
-81.45755048906264 -33.505626917369696
-87.30782979414609 148.12416939933632
-89.75567370463237 -151.00342320994923
-107.34313140297965 158.51610472492484
-108.67789108802307 -163.06915657886805
-74.97178703302032 -179.24600336874065
-100.11493603455462 -116.30329533884391
-104.0358456733582 176.71262888286802
-91.87493525940229 -76.16789571271373
-83.19888269144624 -102.51261001551705
-137.21074928207355 66.4730271147652
-102.84910149897114 131.16193712909637
-79.53471500549665 -175.26185795923536
-137.96982822101714 146.5829182218966
-136.17367577763403 163.681536742716
-149.0001356276106 -150.12516825742662
-91.01172841844247 -46.424899258639726
-71.2483370316274 -70.18952400407605
-172.17783091172228 -129.16439921185471
-128.6613665021375 166.04477679239162
-122.9212162342327 179.55898246588728
-81.27225681977133 129.1231605492435
-86.20819944271632 -170.46557479820535
-110.49015287237431 -117.28534927129566
-69.31975420402965 -81.92590001728472
-87.81564739277277 -83.02942843722833
-110.21750284454973 -90.35510154051326
-45.65650241085955 -62.378704799649434
-114.86677250624146 -78.06335460188521
-92.42003862705769 -5.503360765671666
-97.60231432261239 -94.11281787992431
-87.9207868338873 -77.288021919006
-62.585923081903 -47.31905843653663
-122.36393265049173 -100.01953457579687
-58.66251265636262 -57.350033025801935
-79.57405612383674 -64.65518500686703
-86.3520277510556 -103.24327051455447
-92.29343389414119 -63.21447609329923
-70.47323196643681 -42.88223811796052
-69.73915632981767 -99.8905790353124
-75.81239714258429 150.59787216070708
-85.18816592501716 -78.22730017443439
-76.44155516328486 -45.835289952655785
-67.4342778406963 -61.946858434469895
-48.070672976255445 -52.77342080751678
-84.10460739699828 -24.16333332105571
-126.25346047302953 -144.11183599135958
-98.90854248160899 -163.57703397670616
-82.85918709064765 174.52871460394618
-126.61903051723996 174.9219986328407
-90.94017742395778 -64.27348401815803
-87.63508692359251 -49.49550429760779
-81.38412714252784 -82.33664746878327
-76.36314546645971 -55.178983176091215
-68.4945152179945 -31.7354595204186
-86.905743875832 -75.50919025695808
-96.5746157324858 -70.8937767726727
-74.52248592530763 -94.7719612020749
-76.83502310924182 -90.32853388988221
-116.9348552313779 -160.37865867944757
-71.14034451168408 165.58384431789352
-104.79148343866406 156.7412175558729
-76.62315692524693 -163.87997915936305
-98.08077070351725 -169.09969922103738
-86.3633189454166 171.7241921558616
-72.99938510995203 -58.29954747589563
-94.08054425518237 163.41362234027707
-78.84007142445004 171.6981219475897
-80.62561885842251 132.333163280568
-72.2719016056722 158.63333484119931
-104.71283181968052 -148.47580577667213
-127.72056252535512 -31.681050013139846
-111.0687682653883 162.9593657331356
-67.99478441432193 -50.19703861392679
-96.87552062966571 -87.61220266300658
-86.62728745195268 174.19311536411806
-97.85498247322052 165.23395892771563
-75.3707475629509 -172.69945970510747
-132.38807678570063 144.63382879457166
-103.58089621592309 153.00121589213325
-89.7035157352625 -105.72598534672169
-84.17109261967593 -93.49364366474899
-130.43244023501603 -135.85575762663012
-59.80873513873184 124.10842479357852
-93.76088604236001 -159.25850996823377
-88.31092442877394 167.86063289804903
-77.21100453802842 178.39298834562672
-97.61020395098241 -125.99510492334704
-73.2855840943508 -157.00501798032752
-93.9463408618832 -44.10369661281368
-75.45279352086311 -68.16637459335128
-111.16259295455052 -99.16129744446087
-83.10453389900803 -68.2478997513896
-66.52235956684628 -60.6697028165494
-99.86044177190477 -57.07792139015658
-75.34112247362495 -54.104814331999016
-77.60482211261285 -76.56027440161805
-92.97323623046466 -47.64892245014675
-95.15360950349363 -108.16349098518076
-91.70644476855114 -117.8566412087631
-64.40713448323761 -76.94178569458599
-77.93209405622576 -20.690932830649196
-69.07616071267115 -48.5963963102169
-70.324760497532 -74.18961181582551
-89.2118457524814 -49.66824419603026
-92.58506572203652 -41.929996838179974
-90.96795878154285 -74.07109570571603
-70.12157342320467 -61.717838027002315
-93.78709902490837 -62.786779342262484
-72.45089373438276 -101.37248092629117
-101.13576550585641 -66.7669355469972
-87.65197247954013 -64.25303072797088
-112.95042606532445 -50.62685468621711
-83.51191995719498 -35.52633213684251
-81.67929069630966 -39.18721607537529
-82.43599022822153 -66.35015290977198
-99.52588888314874 -111.54738875072469
-90.71038876637898 -51.45809065551023
-68.32450362097356 -56.270648218932415
-74.94784960141382 -61.74954689149838
-71.87875069383178 -48.84842592476068
-86.79674419103593 -11.6518942341007
-81.01329648563866 -84.45978367148174
-73.38660691855969 -65.00402528549428
-130.734042565816 160.0937600446695
-72.95972649514636 167.94427119828774
-80.93478130627776 -138.730007120754
-88.82918776361826 -161.26644709151705
-69.79378292832646 -28.90622139770751
-78.50017749145091 -67.84354411189291
-94.8217258786396 -49.75101157413739
-105.09142908822801 -18.884699364082213
-94.99558600943027 -95.37979522037199
-114.71314120115703 -109.7207679196921
-67.72716485933697 -60.72550819102834
-95.00892617859192 -115.05301649820538
-92.3100818486882 -150.6707408701449
-97.64508927915303 -165.96227113971108
-85.89914363440738 -67.7366245984145
-125.43347135125136 -54.235798745457444
-75.249800088121 -75.11714730878465
-113.15088048752719 -96.69497101166722
-80.67936803741414 -59.864815734779086
-65.99180157640698 -58.708524701606166
-98.8144004542912 -121.40810521078448
-84.34839627201133 -35.668594531472884
-136.43667390467076 -120.54909190158003
-75.37277231531642 132.29627635400558
-92.92960509986429 162.94318481492593
-110.80674510478818 166.57017966969624
-86.4740441777478 175.12543891779305
-95.57287738332289 -154.90589304979932
-101.13762509658191 -86.55679508656007
-87.2732525515069 165.36030145547494
-82.60481157341995 155.7140364427218
-149.02323439426928 -104.4183101398898
-78.68872116295132 -67.16214799593581
-102.98770654639627 -69.78561746412511
-79.37386360331452 -74.89300028031434
-38.39759692195135 -64.6986911930325
-101.82225809514757 -84.24167373952501
-88.4374137166874 -125.94726652743753
-80.38398102987254 -55.10566329189487
-69.41113478518022 -79.83728864059096
-59.5350606005927 -81.43102372068451
-107.24134540044216 -52.813344680107406
-90.71608071234346 -126.24746249554713
-118.47440697552102 151.76199525977756
-130.13288338600987 -103.02834398106673
-118.04582908444377 -98.95624019773832
-87.8135616455841 -55.74092575606374
-88.78081683890387 145.9534211736507
-88.60006118295746 135.23862385147038
-93.12928623199845 176.2091272747754
-74.21182988080069 165.95769893299897
-70.38989208578715 171.9455748802789
-74.10889403733862 -163.037461449117
-128.78236510820508 -167.13102356138972
-91.33447848143848 -122.17343968515293
-113.3008666227627 -48.41527941825066
-104.1733894951677 -137.54431543833928
-100.07789413498715 -80.93836988617272
-87.52549387221251 -53.29776622559315
-78.21413731437623 -28.24969254967049
-87.11946004446611 -94.56458919352616
-74.43654331319566 -50.57202753063954
-104.40701683786618 -110.35397858508914
-109.5190146812014 -120.68648890673998
-81.4219894271341 114.99380184274837
-83.11709486909197 -129.01107354385198
-78.92814887766002 161.6965387331349
-124.090431287157 151.861449300379
-101.90594007385732 -124.41726434837658
-111.94209016820358 -130.59705723360577
-83.9373735094014 -81.27201715364376
-62.116152111425585 -90.02425306777404
-61.194723457813396 -36.52272293636825
-94.720751235419 -101.41488747155485
-83.88794124503058 -91.58959734511714
-80.42275530785791 -56.70295281020023
-82.69546070749304 -81.86788375291398
-70.39181818722274 -139.0824780593971
-88.7375748147547 -70.35228728644692
-89.9412249663345 -48.29281074727027
-86.15390255579129 -110.8023873126123
-82.64436989794696 -50.557386297272814
-75.08124703074472 -50.64047490943955
-93.1909634744991 -79.06257909115196
-89.91418451634436 -84.46620307148802
-159.76394083142998 -71.79019373393882
-138.56675419409459 150.0293016840819
-72.92684935636052 -71.41778427103331
-100.90250339163238 -123.24686372719196
-126.68482922688423 -106.37093200186858
-62.585066092390285 -56.65398722475748
-69.61015913118669 -11.62665078523306
-82.37332351390481 -85.63022444410578
-162.63038967386044 178.64584235492825
-86.49608477298452 -94.18096946215259
-86.47205701704833 -41.673369739000314
-128.8189550369762 -149.5344714126331
-91.80586703151327 177.51233184815408
-116.01251811125357 -147.39633234611992
-80.92944162746295 -90.6227892637111
-89.4680063644032 -47.87232240607643
-116.89153301668412 -65.71855197997887
-110.4571270664972 -100.80793425417887
-86.15627861272989 147.97044745209934
-80.59632625714852 -176.68919409246232
-68.15599857340713 -85.36959850220404
-80.8676761061308 -48.049173737355616
-59.970289999911934 -70.92572130905185
-72.07631144250949 -47.52527891918278
-127.40129375653754 -114.61320163769642
-51.20026711827765 -64.316944322022
-80.58106245092314 -60.80247121592315
-80.9908857305258 -76.45357499929918
-105.73359874355312 -127.61594447732183
-72.8988932611906 167.53936244429931
-113.22887101338101 153.69093558891285
-103.4182301123798 -111.61942569305121
-94.89306417294323 -52.59779646391599
-90.41235639514872 -55.278815185095475
-85.38259120105637 -177.35566047064563
-89.56084470714855 160.63542967242572
-116.63263420851472 124.41745806487133
-126.08809731731307 148.94368322122236
-106.14298522414447 146.88683896200814
-77.40325002375691 163.38557977226338
-123.17626465801251 156.28572955550644
-138.1581892663337 -168.2361617517244
-110.68733960956426 107.74336986581586
-89.39686191897668 -174.9036001144845
-66.74460457225524 155.56822103167084
-127.89617024802811 -96.2827529138502
-105.86590932879137 171.70517037576184
-94.23614877295121 150.5234462192559
-93.58355769187003 140.00643753662106
-83.4894127646724 155.03929612058926
-171.1425550778656 169.30370484866893
-79.44793200978188 158.8074039963973
-72.46602351019904 -179.2540925835815
-137.05724111564652 -179.78417419590866
-68.46309814479724 -136.53468239949873
-98.35746197801608 -52.99451758884645
-98.13133764796184 -81.90122132603601
-106.90665142851007 170.33230473433545
-96.78647569251616 -128.70024013125447
-70.59280178428287 -53.07890852481489
-73.34391092561573 -72.15292143534708
-89.29831715060718 -71.69459536103565
-110.8105289452066 138.11866918935795
-100.91178792879467 -53.05055412490799
-68.30699557715499 -56.46445036917062
-79.61497778771148 -64.92220317550621
-74.83699815537491 -46.535660411647804
-86.11583254272972 -121.1231850633426
-73.12336703875133 160.16795521348266
-113.36620112669199 140.71881467929657
-118.65087094253406 -164.78484767962286
-103.48910589113677 -129.50359602205592
-84.69922442166393 -46.401598811938214
-72.09508950763514 -64.34945737757613
-73.20558479566782 167.52144790576583
-94.8483376763305 -133.5724836797132
-83.62938933165826 -58.793413675585825
-64.12092876508136 -75.19309968646067
-102.46629454456802 -45.65031146285777
-94.430587418465 -34.84783223821087
-96.43605341186066 -82.77851559034232
-71.5832302095994 -82.67191778421233
-89.69251299509465 -76.4145003517065
-120.70638455732093 -94.22612811492841
-145.72237449562462 -167.17454801854402
-101.04309371558335 -131.69338730278488
-95.39422281743808 -96.45815647010878
-77.40773357326366 160.45312906480532
-85.4146032757903 -163.70116609580913
-93.9011913284554 -134.67833477634687
-68.12823160478419 -67.44897473943128
-97.33816070483122 160.59501100361442
-90.47416355227323 70.62135764733814
-66.36380005540306 141.76378518903192
-152.0650093016626 158.1303458949057
-70.43835978326223 -42.04488536218338
-151.87764292681575 -146.18543437492244
-93.37035306377324 -167.2266314048721
-109.3353942611499 -177.43470265814594
-119.85066990900583 168.53309939866736
-110.84468516581677 155.67641737042294
-71.92717013398418 -49.6751482703217
-97.88459084632579 -75.54429595706222
-91.17915902573016 -123.146773145239
-88.8854727576416 -60.23735339632049
-82.83459812696158 -87.48078748852488
-121.61834354870295 -93.78605343274447
-83.41080212299681 -62.176047239413336
-85.60068844599213 179.07599946483307
-92.75003231127286 144.9407635174964
-97.0562393620549 -169.8316442505362
-113.16267960339077 -179.69809833989692
-125.88993139931239 157.7349121809903
-110.05167877642201 -142.4084465571383
-83.12047266845468 -15.456760334375916
-109.74385041215683 -118.51301954046616
-83.00695656402588 -101.00718833881537
-93.6995940933972 -56.63933210378152
-106.46210024004364 170.67820347732976
-134.68502646717533 -115.12090678623613
-103.31293222139293 154.3769892845782
-84.05081219301218 136.50478437596394
-80.86391888550922 -44.91602036980523
-68.09175825526657 -22.42199504534683
-71.31852239202951 -54.14600223176947
-116.45263826218016 -92.53758554243434
-132.45314908722983 -83.04198793593909
-71.14381572904733 -71.88872353906625
-73.85904837643517 -84.1551900826044
-84.53004761905937 -62.03879073294289
-82.99524689726321 -49.37246608782908
-85.77289623495727 -98.35710024241511
-78.8840601857419 -64.6442568044992
-75.71874083351285 9.148170859824374
-52.29792379361574 -63.669932856539766
-86.31116715810042 -62.011181276412316
-137.13118881865245 155.10791515073296
-89.49857893818955 -72.04972113820672
-70.63632949543918 -51.905601123072614
-82.4474551544326 -63.55910045592441
-105.77198312650104 -78.68544732737392
-66.2701167020261 -68.0535476826416
-74.05886760206437 -35.61721507388243
-70.41262952819218 -41.22028492191798
-105.71187170464702 -88.50331624836659
-80.06082202535654 -100.2540448021031
-96.940217357036 -69.76986727375537
-76.08142600219725 -46.58490803999568
-88.21860644769947 -143.1313240493419
-65.72566070346751 -81.52384803113397
-89.29056631657276 -43.23771403781805
-68.18559364334916 -45.50219952011618
-98.13606353544644 -154.97675431394646
-80.02827019218874 -88.15800706708119
-80.39995419696757 -68.18299328885955
-81.99105459637755 -108.75011260252968
-82.7707011854971 -24.909662533733268
-83.17670526645618 -87.61538544145547
-82.4543630198092 -76.15023517736236
-160.30634292115536 -86.58111383475332
-78.8048276805925 -138.82848523876038
-144.3051321625821 -62.177369422915035
-80.91995612818819 -49.90890090642178
-73.95936938490688 -56.510189266313844
-107.46713986593393 -112.76004030938762
-67.12017276718663 -47.691329023537826
-57.38866074190856 -73.74538586626727
-88.73364653403898 -56.89618088813778
-87.27586795141953 -33.547819098969754
-72.60820674096367 -43.640623795958064
-103.19983678266205 -98.25429265510076
-119.91214532690059 -85.236981232083
-147.48248129268342 -132.43235133918304
-121.76665972579335 -83.05869687983001
-97.49913312201078 173.2044828560694
-107.96785535847407 130.96268720143996
-77.86881447600729 158.31894941168395
-100.06022078250193 -169.79268819228906
-86.23141183379369 -76.86645374867734
-72.76141199143048 -71.33983551753485
-98.68070530261221 -71.45738876498615
-64.15639002608768 -48.08965431025602
-93.61663145248663 -87.15276287758007
-106.05772937617816 -79.42208477168359
-151.72319174342869 174.31073765572225
-76.76014043989218 -168.25173713149974
-86.40652643131408 -170.4855047844693
-167.67540280061547 -148.62590478351515
-134.87972982141497 -177.2580712362312
-99.97930619261572 -148.24229275098287
-76.69759726262515 121.46153103745682
-94.7782624933937 150.5218501523245
-135.98717603424006 -165.07070014254748
-71.39669147848858 -156.42400865408166
-126.81302906179315 153.95332656703482
-81.89854685998615 143.4382279672984
-85.95165245481844 114.20775319226009
-93.30711196077095 -130.63558882554355
-86.28605169719337 -158.49553477789163
-98.31539533015463 152.2714281894636
-147.7294804639462 -151.3891898609749
-82.98173931969109 -127.9808429677256
-63.28961038567055 163.07621254898177
-91.27553471004197 170.5221395295935
-116.3069324605857 69.10810744672088
-88.27937646476742 107.85843884545113
-83.18692194522991 153.05930219456081
-82.53460099320249 -175.05904352393108
-80.53188379452592 138.82885365509202
-96.47754344999862 135.9947181642747
-108.39136587514243 -111.6697810801294
-77.21903629943311 -64.15364991132971
-99.14146537207118 -124.26089717676321
-57.8013155450335 147.59503569691506
-110.02706750969988 129.51359531971227
-102.90239454546258 164.10852681097973
-81.51711570577588 -77.26493682817652
-104.62130304377622 -96.49332508813634
-137.66740650374038 -114.60889889047415
-160.84535753269523 -176.2618434968598
-103.51092111872511 -178.20345928163067
-91.60194736181246 -27.12401952270511
-86.00195845843128 -63.569150535756634
-91.16939091931124 -62.6842806203051
-100.49780730101506 -55.940944565842464
-92.10820098885507 -39.443808918886376
-84.12377474751467 -74.47488426091672
-91.738738573876 -79.90397560893226
-89.79470324109909 -73.81969745707752
-74.59095872485138 -31.593369700848676
-71.10049928215625 -67.78032988072756
-111.0220300010406 -50.55014972946374
-101.95576402327598 -99.08470195742368
-59.971794789862564 140.98977050140684
-102.61717818401756 110.89623180250071
-83.50108176115741 118.06999683207447
-121.97350462893301 -153.11102024924554
-139.18910092297264 164.78436060040258
-106.8556804927063 168.25524931798003
-115.06558069306583 -95.46466236415979
-73.66334082387114 136.89062671716886
-129.2287034910498 -87.82266485716247
-71.7423402540032 135.0330699184559
-80.91963063713747 114.8250978157025
-78.00653158506854 162.76015951384818
-98.04859476548873 90.20081454374971
-105.44054705641481 -78.85022326620809
-89.75541767492635 150.23277578374035
-105.9909805137701 -161.96770674298855
-80.43661733948099 146.56974570860203
-75.0509989513752 -139.14881780856606
-84.3994797589151 -76.74813112010469
-76.41077112685498 -78.17875386771036
-69.11190471562746 159.46014325528859
-86.57486662734311 -115.43876364870528
-98.0108125613053 -126.92860653846218
-71.40646045865482 -177.61372462131607
-86.90423300995985 -110.35573775308475
-89.76849856596706 -74.53292823145976
-89.27394734711972 -59.43768742501394
-104.18073161222028 -66.29048865442523
-118.57818122915319 -118.13397002939003
-67.87008283751273 -40.838511015964954
-106.20343265060018 -63.04403880479291
-84.98156774621609 -51.312697451285224
-89.12753131257524 -85.41764860340815
-105.10322115327787 -59.03517927650619
-93.27661561694454 -40.572000653225594
-123.58204232330166 -124.15256343329338
-75.97680224456906 -50.97689885312844
-100.98555048468734 -53.93049016112762
-130.21247207885847 -58.23095187169966
-74.08645187850112 -75.69748176633594
-83.87791227947974 -96.31359896216443
-133.53977629100675 151.3118547362499
-76.54625627882322 -128.32346759268998
-74.96783696186891 -72.09579965488375
-108.8181530492564 -89.53364619927333
-55.704916753136615 -75.14951099951885
-99.66648440792564 -76.77765049563715
-140.88953218870788 165.05286256787906
-68.32671041476122 142.39504029733843
-85.62580881259899 -167.05304001651965
-92.85450914985991 154.26169015704215
-165.1393120915157 178.4248632086158
-74.79272594881004 178.01867768003333
-84.13746354820165 165.42787287021213
-112.61546932415898 177.09313566800896
-77.63362647529158 176.91469642360374
-73.70089388094001 163.9294059545183
-88.68200038986684 161.7049188358643
-91.9701240519166 -135.31106207696365
-89.46109087190044 -147.230707652632
-89.74481382892542 -76.24436845675798
-120.35078541315866 -60.350902956418054
-76.92348326948844 -42.889356055756146
-130.10254868934558 -160.99079246602733
-132.95724640026623 171.51661241267766
-68.33925972945971 -64.651396678181
-100.19522313601344 -74.43462152966258
-81.30926599637198 -62.162547255304716
-87.81780828877295 -53.66012232837455
-93.4167954255842 -59.200976845083076
-85.36662821071911 -51.507745522174204
-53.237263553557824 -79.26889047623392
-63.7200611427129 -79.72568934703492
-68.70108728447326 -66.48944491613906
-98.6754750872695 -70.6869973414936
-88.98137938314296 -126.87492054089067
-98.99828534782877 -176.0961509029703
-86.18144944719472 -127.09527110388521
-108.29287373000386 117.7558255670419
-94.55858453670939 -146.7007632626845
-68.83488936870016 -87.88203537902216
-70.68524130318977 -31.196255828653094
-111.94160049493497 -78.1140805653889
-86.94332014303157 -46.978706061253874
-73.51016801690932 -51.96108591856697
-83.81115621261571 -45.73270733638162
-60.70722654241221 -144.61665329100268
-85.04720780778737 -162.750210113596
-95.99884086225494 -100.83967881124053
-85.60539968646003 -122.90518531674456
-100.52160842202416 169.6701127471798
-106.17214167206079 173.35783696242183
-96.3386316720931 -130.61392972449292
-125.63542653338948 -90.21963921006807
-98.36092177292848 -57.61982048081029
-94.58609020294249 -65.01890643152721
-93.92333646904109 -91.3667030339682
