180.00
-59.94
-59.97
-60.02
-59.00
-60.04
-60.03
-60.03
-60.81
-60.30
-60.09
-60.09
-58.83
-58.04
-61.48
-58.37
-59.19
-58.51
-57.45
-62.38
-59.18
-60.03
-61.17
-65.39
-59.02
-58.21
-58.22
-58.40
-56.36
-58.34
-61.82
-64.18
-61.17
-59.90
-57.57
-59.35
-62.18
-58.17
-62.14
-60.90
-57.79
-53.97
-59.09
-64.01
-58.37
-61.27
-57.58
-59.40
-58.25
-57.51
-59.58
-61.12
-57.60
-61.73
-60.52
-60.04
-60.68
-59.73
-54.97
-60.56
-59.59
-61.11
-58.76
-57.69
-59.21
-61.37
-61.40
-64.74
-60.43
-59.61
-63.66
-59.95
-57.74
-60.56
-56.78
-60.07
-59.39
-58.87
-61.55
-60.06
-62.85
-61.46
-57.90
-58.73
-54.78
-55.93
-60.84
-58.51
-59.84
-62.86
-54.59
-61.80
-59.02
-60.78
-64.54
-58.18
-54.81
-56.74
-64.42
-60.70
-58.61
-58.85
-59.83
-58.40
-59.58
-61.54
-60.03
-61.63
-61.43
-61.24
-58.63
-63.06
-62.32
-57.70
-61.28
-59.86
-58.03
-56.33
-65.08
-61.27
-58.19
-58.75
-57.80
-63.62
-61.08
-60.03
-62.37
-55.77
-59.93
-61.01
-58.72
-61.84
-63.84
-59.72
-59.93
-55.72
-60.03
-61.55
-56.11
-57.53
-58.78
-60.05
-62.91
-57.19
-60.28
-58.76
-58.97
-60.76
-56.36
-60.24
-57.96
-59.42
-58.33
-60.40
-56.98
-56.23
-59.46
-60.10
-61.08
-59.42
-60.50
-60.55
-59.62
-64.65
-61.51
-58.79
-61.98
-58.19
-62.41
-59.20
-57.49
-61.45
-57.65
-57.64
-59.95
-57.64
-66.68
-59.02
-59.34
-56.37
-60.15
-58.64
-64.30
-58.12
-59.79
-57.14
-56.99
-58.16
-56.52
-62.23
-61.00
-56.56
-54.72
-59.90
-58.18
-59.76
-64.03
-59.35
-58.02
-58.08
-60.07
-58.05
-60.30
-57.80
-62.29
-60.14
-58.33
-58.30
-58.81
-58.79
-57.58
-61.28
-58.20
-64.86
-61.03
-61.05
-60.28
-61.16
-60.66
-56.65
-65.83
-60.09
-59.19
-57.28
-59.92
-59.44
-62.75
-61.75
-63.96
-64.94
-55.68
-56.98
-57.77
-60.51
-59.78
-59.62
-62.13
-63.05
-58.27
-59.50
-62.54
-57.31
-61.59
-60.78
-60.16
-60.13
-56.60
-62.04
-58.98
-61.41
-62.84
-61.49
-57.57
-61.81
-61.58
-60.28
-56.81
-62.10
-62.16
-59.01
-59.13
-59.76
-60.37
-60.43
-62.47
-62.58
-62.98
-61.92
-57.46
-60.45
-63.34
-57.88
-63.77
-60.34
-64.16
-56.58
-61.28
-61.13
-60.71
-60.68
-59.52
-65.23
-59.69
-57.44
-59.89
-58.44
-59.79
-59.70
-58.97
-58.62
-60.50
-56.69
-63.55
-61.60
-64.86
-57.90
-55.46
-55.86
-59.67
-62.32
-61.31
-62.83
-60.09
-61.87
-60.49
-59.39
-60.03
-63.09
-58.74
-57.97
-55.83
-58.27
-63.41
-59.44
-58.52
-60.11
-59.29
-59.86
-60.47
-60.13
-59.08
-58.75
-61.29
-58.93
-58.82
-59.70
-57.88
-61.21
-56.31
-58.06
-60.53
-59.67
-60.04
-59.07
-60.14
-58.19
-58.59
-61.33
-62.78
-62.92
-60.35
-62.65
-62.93
-58.99
-56.12
-59.00
-62.85
-60.18
-60.58
-59.76
-59.13
-58.50
-60.49
-58.70
-58.79
-59.01
-59.38
-59.97
-58.04
-57.58
-61.13
-62.49
-59.91
-58.99
-60.15
-58.53
-61.37
-64.57
-63.64
-60.08
-58.17
-63.26
-61.53
-58.96
-62.11
-57.80
-59.35
-61.22
-56.83
-56.07
-61.85
-60.97
-59.14
-60.31
-61.59
-59.64
-61.43
-64.10
-57.12
-65.42
-62.28
-61.34
-60.47
-61.82
-59.90
-59.89
-58.26
-62.51
-61.62
-60.23
-64.94
-61.44
-60.65
-59.76
-59.24
-60.87
-63.49
-57.41
-59.77
-57.62
-60.72
-58.80
-57.44
-60.11
-58.62
-59.25
-57.47
-62.65
-62.31
-60.40
-64.21
-59.45
-57.34
-60.78
-57.61
-58.39
-58.46
-59.76
-60.42
-60.82
-60.01
-58.61
-59.08
-61.51
-61.92
-64.70
-59.55
-60.80
-59.18
-58.52
-62.79
-62.48
-57.77
-64.05
-61.58
-62.03
-62.23
-61.55
-58.07
-59.80
-61.00
-59.36
-59.18
-57.99
-61.00
-61.45
-62.00
-61.44
-59.14
-60.29
-63.27
-61.43
-57.92
-55.38
-59.00
-61.74
-59.73
-61.63
-58.31
-59.79
-61.96
-57.25
-61.47
-58.57
-57.34
-60.40
-56.05
-56.93
-62.00
-62.75
-60.91
-61.02
-62.59
-62.80
-52.49
-59.24
-58.74
-57.44
-60.81
-61.61
-64.32
-58.59
-59.97
-60.46
-58.61
-63.02
-59.75
-61.19
-58.76
-54.04
-59.27
-60.53
-61.52
-58.12
-57.98
-56.81
-62.06
-63.53
-61.93
-61.11
-57.30
-60.11
-63.67
-61.59
-58.56
-58.25
-60.21
-56.11
-58.86
-60.45
-63.78
-59.08
-62.34
-64.79
-63.77
-60.50
-54.88
-62.89
-62.16
-59.72
-60.42
-58.67
-57.11
-62.56
-60.63
-60.91
-58.30
-58.71
-60.72
-56.48
-61.01
-58.54
-58.87
-60.57
-59.23
-59.13
-63.24
-63.09
-61.17
-62.37
-56.72
-63.04
-62.73
-63.29
-59.56
-60.44
-59.49
-56.63
-57.93
-60.66
-57.72
-59.65
-57.77
-61.91
-61.18
-59.11
-59.52
-61.90
-59.30
-59.09
-62.07
-58.34
-56.37
-62.21
-59.05
-58.71
-60.52
-62.64
-63.55
-59.67
-59.52
-60.43
-57.55
-59.02
-60.03
-57.15
-60.34
-59.31
-61.18
-57.60
-60.98
-60.93
-64.11
-60.13
-58.64
-62.45
-59.09
-57.76
-59.46
-60.30
-61.20
-58.17
-58.95
-60.73
-58.16
-61.76
-63.20
-58.18
-61.43
-58.36
-57.26
-62.42
-64.04
-59.40
-59.99
-60.30
-61.04
-58.87
-56.21
-62.10
-59.55
-59.85
-57.69
-57.70
-60.45
-60.95
-56.81
-58.50
-60.06
-57.75
-60.58
-58.58
-59.17
-61.11
-61.56
-59.18
-59.80
-61.17
-62.59
-62.46
-60.59
-61.16
-57.87
-63.63
-59.78
-65.28
-58.22
-60.89
-59.99
-62.14
-59.93
-56.18
-59.77
-61.44
-61.33
-61.42
-58.93
-58.72
-62.69
-53.46
-63.36
-62.38
-61.27
-57.85
-62.66
-61.08
-62.07
-61.71
-59.12
-58.84
-59.73
-62.92
-57.34
-59.07
-59.12
-64.91
-56.90
-58.51
-59.64
-60.81
-57.47
-62.44
-57.05
-61.38
-59.25
-56.91
-58.70
-59.57
-60.48
-55.88
-57.85
-63.67
-62.73
-56.69
-59.94
-59.17
-57.67
-59.26
-60.07
-62.94
-63.12
-61.64
-63.85
-56.00
-59.45
-60.38
-59.02
-62.82
-55.94
-59.06
-59.00
-62.18
-61.04
-62.83
-58.28
-62.77
-56.74
-63.38
-56.50
-60.34
-59.62
-60.09
-59.29
-62.85
-59.00
-59.11
-61.28
-60.59
-58.49
-59.13
-60.37
-62.02
-59.68
-57.11
-59.22
-58.61
-62.16
-59.94
-63.04
-61.78
-57.07
-59.04
-58.43
-62.48
-58.75
-62.66
-62.21
-56.82
-61.77
-57.71
-55.71
-60.86
-59.95
-59.31
-60.46
-58.24
-60.24
-61.82
-58.44
-61.33
-58.09
-63.15
-58.52
-65.37
-64.62
-57.78
-56.92
-57.42
-61.73
-58.64
-62.19
-63.76
-62.13
-55.10
-61.00
-60.40
-61.76
-57.89
-58.32
-59.83
-57.09
-59.87
-57.94
-63.86
-58.16
-60.46
-62.77
-63.03
-55.84
-58.35
-62.61
-61.68
-60.29
-56.99
-61.90
-57.16
-57.68
-60.95
-57.91
-60.04
-59.46
-56.13
-61.67
-64.85
-60.65
-60.82
-62.66
-56.27
-58.06
-57.01
-60.70
-62.17
-59.73
-57.77
-54.55
-67.18
-58.68
-65.27
-62.33
-57.32
-59.92
-61.19
-56.64
-58.35
-54.21
-62.76
-62.86
-57.23
-58.98
-58.54
-60.88
-55.85
-56.79
-59.02
-59.89
-58.06
-58.93
-58.40
-57.23
-56.41
-58.74
-62.87
-57.08
-59.28
-63.28
-58.84
-62.91
-63.82
-55.95
-58.44
-61.59
-64.36
-63.07
-58.48
-60.74
-64.19
-58.79
-60.27
-60.94
-58.29
-58.81
-56.29
-59.38
-58.40
-59.48
-60.35
-59.93
-63.30
-60.40
-60.44
-59.85
-62.08
-58.02
-63.91
-57.09
-58.43
-62.15
-60.90
-62.54
-58.97
-64.73
-60.45
-57.86
-58.80
-60.23
-62.61
-58.15
-59.43
-58.66
-63.10
-56.48
-59.44
-61.30
-60.32
-58.41
-59.49
-61.34
-62.66
-57.25
-59.61
-59.61
-62.32
-61.13
-57.69
-56.92
-59.94
-60.33
-61.97
-62.11
-59.75
-59.81
-61.19
-56.83
-58.03
-59.71
-58.38
-64.16
-57.57
-55.12
-57.28
-57.20
-59.41
-61.09
-60.29
-60.72
-62.13
-57.75
-57.23
-60.45
-59.03
-63.07
-63.45
-61.21
-58.14
-61.95
-57.01
-54.29
-56.47
-58.23
-57.32
-61.00
-62.34
-61.65
-59.71
-58.24
-61.36
-59.10
-59.20
-63.17
-59.43
-62.64
-53.59
-61.20
-60.00
-62.69
-58.53
-61.93
-60.85
-60.33
-62.13
-59.82
-60.11
-60.86
-58.40
-58.45
-61.90
-60.05
-59.00
-59.27
-64.76
-58.84
-57.77
-61.88
-58.74
-57.75
-61.47
-61.05
-58.20
-60.50
-61.90
-60.43
-58.16
-61.68
-55.77
-61.97
-61.17
-60.16
-57.23
-58.43
-59.15
-59.46
-58.45
-57.48
-56.88
-61.03
-59.59
-58.63
-62.83
-56.95
-58.69
-60.62
-59.95
-60.01
-62.04
-58.80
-62.33
-60.75
-56.40
-60.58
-58.56
-59.84
-61.37
