-59.58
-99.88
-101.18
-98.71
-97.18
-99.65
-98.27
-100.36
-101.65
-98.93
-99.57
-98.48
-100.71
-99.77
-99.75
-101.23
-96.45
-102.61
-97.67
-96.78
-94.96
-97.48
-97.18
-99.00
-97.09
-100.76
-96.90
-99.90
-97.39
-98.31
-96.70
-100.27
-95.87
-104.37
-98.82
-102.02
-101.61
-92.82
-99.46
-100.25
-97.40
-98.14
-98.15
-102.04
-96.58
-103.05
-103.04
-100.89
-95.34
-96.78
-99.53
-96.37
-97.63
-100.62
-96.16
-99.17
-100.04
-104.09
-98.55
-99.12
-99.71
-99.93
-96.65
-97.43
-100.24
-98.00
-97.54
-100.72
-98.29
-99.00
-99.31
-97.75
-101.67
-97.05
-96.63
-97.81
-95.42
-97.37
-102.80
-96.40
-100.46
-96.10
-98.57
-99.83
-96.43
-100.45
-94.35
-100.48
-101.01
-100.83
-98.15
-98.48
-98.84
-97.60
-100.59
-101.70
-99.03
-100.27
-99.73
-96.92
-99.03
