27.15
27.34
27.20
27.44
27.68
27.43
27.48
27.16
27.30
27.58
28.11
27.98
28.17
28.25
27.79
27.46
27.64
27.57
27.58
27.96
28.54
28.82
28.34
27.95
28.16
28.03
27.80
28.07
28.11
28.61
28.97
28.91
28.81
28.94
28.67
28.74
28.76
28.40
28.17
27.78
27.59
27.77
27.91
27.81
28.01
27.96
27.78
28.18
28.42
28.09
28.08
27.92
27.99
27.86
28.01
28.01
27.69
28.00
28.15
28.37
27.72
27.85
27.81
28.17
28.12
27.85
27.98
28.04
27.92
27.90
28.59
28.23
27.79
27.57
28.10
27.93
27.70
27.69
28.04
28.26
28.15
27.84
28.02
28.10
27.85
27.97
28.22
27.80
27.95
28.19
27.93
27.94
28.30
28.27
28.25
28.13
27.95
27.72
27.33
27.84
27.88
28.16
28.03
28.07
28.00
27.87
28.08
27.91
28.04
27.91
27.92
28.00
28.17
28.11
28.20
28.02
28.04
27.99
28.05
27.95
28.24
27.90
27.91
28.04
28.08
28.00
28.20
28.21
28.07
27.87
27.89
27.90
27.81
28.18
27.73
28.08
27.83
27.93
27.92
27.72
28.14
28.20
28.12
27.78
28.24
28.17
28.09
27.97
28.00
28.01
27.97
27.73
27.90
28.02
27.87
28.10
28.00
28.04
27.86
28.05
27.89
28.24
28.03
28.00
28.15
27.82
28.26
28.20
27.84
28.01
28.03
28.09
28.06
28.24
27.95
28.08
28.26
28.11
28.15
27.91
28.06
27.85
28.22
27.99
27.70
27.95
27.95
28.09
28.12
28.03
27.86
27.93
27.86
28.01
28.08
28.11
27.90
28.03
28.14
27.83
27.99
27.94
28.09
27.80
28.05
27.99
27.96
28.13
27.94
28.06
27.89
28.10
27.85
27.91
28.11
28.24
27.74
28.03
27.94
27.86
28.23
28.05
28.04
27.97
27.85
28.04
27.96
28.05
28.03
27.83
28.00
28.04
28.09
28.01
27.80
27.92
28.07
27.98
27.95
27.99
27.99
28.05
28.07
28.16
28.08
27.96
28.29
27.97
28.13
28.06
28.05
27.89
28.11
27.95
28.10
28.02
28.08
27.79
28.03
27.99
27.98
28.01
28.07
27.97
27.82
28.01
27.89
28.07
28.05
27.99
27.94
27.98
28.02
27.94
27.94
27.98
28.07
27.93
28.21
27.84
28.09
27.87
28.01
27.94
27.99
27.96
27.94
28.03
28.15
27.77
28.14
27.90
28.00
28.00
27.87
27.95
27.87
27.96
27.92
28.10
27.95
27.91
28.13
27.83
28.12
27.98
28.17
27.89
28.00
28.00
27.90
27.92
27.99
27.99
28.07
28.11
28.03
28.01
28.03
28.07
28.13
27.99
28.06
28.01
27.93
28.02
27.91
28.18
27.97
28.06
27.88
28.09
27.93
27.90
28.12
27.98
28.16
27.96
28.15
27.97
27.98
28.05
27.81
28.01
27.86
28.13
27.93
28.06
28.10
27.80
28.01
27.98
27.93
28.08
27.89
28.04
27.98
28.09
28.07
27.98
28.07
27.95
27.91
28.07
27.99
27.98
27.81
28.17
27.99
27.84
27.91
28.13
27.97
28.01
28.01
27.88
28.16
28.10
27.86
27.95
28.11
27.95
27.95
28.13
27.84
28.19
27.94
27.92
27.88
28.08
27.81
27.95
28.01
28.02
28.00
28.01
27.96
27.92
28.06
28.14
27.98
27.85
28.18
27.91
28.07
27.81
28.10
27.85
27.90
28.31
28.00
28.05
27.98
28.00
27.85
27.95
28.13
27.76
28.03
27.99
28.01
28.06
28.21
27.99
28.03
28.05
28.13
27.97
27.95
27.95
28.04
28.09
27.96
27.98
28.02
28.04
27.99
28.17
27.72
27.88
28.00
28.04
28.03
28.19
27.87
27.88
28.15
28.12
27.91
27.94
27.67
28.10
28.01
27.91
28.03
28.00
27.93
28.08
27.97
28.00
28.14
28.07
28.09
28.01
28.10
27.82
28.25
27.74
27.97
27.98
28.24
27.92
27.99
27.85
28.07
27.95
28.04
28.05
27.97
28.01
27.99
28.06
28.08
27.85
28.06
27.97
27.85
27.96
28.11
28.01
28.08
27.91
28.06
28.05
28.19
27.92
27.82
28.14
28.15
27.98
27.94
