8.02
7.71
7.81
8.21
8.09
7.68
7.63
7.48
7.75
7.65
7.52
7.41
7.75
7.74
7.73
7.93
8.21
8.16
8.08
8.24
7.97
7.65
7.59
7.47
7.57
7.71
7.93
7.36
7.27
7.75
7.84
7.96
7.58
7.23
7.42
7.38
7.51
7.76
7.65
7.17
7.70
7.84
7.71
7.42
7.29
7.34
7.48
7.33
7.22
7.16
7.51
7.76
7.68
7.79
7.60
7.38
7.32
7.56
7.47
7.33
7.49
7.60
7.50
7.53
7.83
8.09
7.86
7.81
8.20
8.16
7.97
7.99
7.81
8.03
7.89
7.85
7.74
7.98
8.35
7.98
7.76
7.70
7.86
7.71
7.92
8.32
7.83
7.87
7.78
7.89
7.98
7.77
8.02
7.79
7.82
7.88
7.72
7.96
7.85
8.04
8.00
7.99
7.83
8.00
7.85
7.92
7.98
8.05
7.90
7.78
7.71
7.76
7.88
7.62
8.02
7.91
7.97
7.91
7.76
7.97
8.09
8.17
8.11
8.14
7.88
7.86
7.96
8.01
7.88
8.09
7.94
8.13
8.07
7.87
7.90
7.76
7.93
8.07
7.87
8.16
8.03
7.89
7.83
8.02
7.96
7.97
7.97
7.78
7.89
7.83
8.00
7.98
7.82
7.78
8.01
8.21
7.84
8.03
7.96
7.76
7.84
7.89
7.84
7.90
7.91
8.22
7.89
8.09
7.98
8.03
8.07
8.14
7.93
8.10
8.01
7.97
7.96
7.65
8.13
7.99
8.03
8.18
7.79
8.16
7.83
7.71
8.10
7.60
7.95
7.85
7.99
8.00
7.52
7.88
8.06
7.89
8.07
8.11
8.06
7.87
8.06
7.92
7.85
8.00
7.95
7.98
8.04
7.99
7.91
8.12
8.02
7.93
7.98
8.02
7.91
8.10
7.85
8.22
7.93
7.90
7.79
8.12
7.73
8.06
7.86
7.88
7.99
7.95
7.95
8.00
8.08
7.97
7.96
7.94
8.21
7.96
8.23
7.94
8.07
8.06
8.18
7.93
7.78
8.02
8.01
8.10
8.08
8.10
7.85
8.08
7.99
7.94
8.01
7.94
7.97
8.22
7.80
8.14
7.75
8.07
8.08
7.80
8.21
8.08
7.94
8.05
8.03
8.07
7.98
7.97
7.92
8.13
7.93
7.84
7.94
8.02
7.91
7.99
7.94
7.89
7.88
8.08
7.94
8.00
7.92
7.86
7.95
7.75
8.01
7.88
7.94
8.01
7.78
8.01
7.90
7.91
7.95
7.84
7.88
7.91
7.98
7.79
7.95
8.07
7.98
7.94
7.94
7.96
7.82
8.14
7.78
7.90
8.08
7.96
7.93
7.94
7.89
7.76
8.02
7.86
7.93
7.96
7.91
8.03
8.01
7.88
7.90
7.76
8.08
8.05
7.79
7.89
7.84
8.01
7.84
7.95
7.95
8.01
7.98
7.85
7.90
7.96
7.94
7.92
7.84
8.03
7.76
7.98
7.82
8.02
7.92
7.79
8.06
7.68
8.15
8.00
7.80
7.88
7.78
8.01
7.93
7.78
7.99
7.99
7.97
7.83
7.79
7.95
7.91
7.94
7.95
7.87
7.98
8.15
8.01
8.00
8.09
7.99
7.94
7.90
7.93
7.98
7.93
7.95
7.98
7.94
8.07
7.90
8.07
7.85
7.97
8.02
8.24
7.89
8.18
7.79
7.95
8.12
7.93
7.88
8.01
7.97
7.93
8.04
7.94
7.99
7.86
7.93
8.09
7.95
8.23
7.86
7.95
7.92
7.86
8.00
8.12
7.80
8.12
7.99
8.02
7.84
8.16
7.84
7.95
8.08
8.01
7.86
7.75
7.93
7.99
7.98
7.84
7.86
7.85
7.96
8.07
7.88
7.92
8.08
7.92
7.96
8.12
7.87
8.10
8.00
7.86
8.02
8.07
7.78
7.88
7.90
8.11
8.03
7.99
8.00
7.87
8.20
8.02
7.94
7.89
8.14
8.00
8.06
7.96
7.90
8.10
8.19
7.83
7.98
8.22
7.95
8.13
8.01
7.70
8.16
7.76
8.20
7.81
8.18
7.85
8.03
8.22
7.96
8.08
7.91
8.01
8.03
7.94
8.07
7.96
7.91
7.98
8.04
8.00
8.06
7.97
7.95
7.71
7.98
7.87
